161.1894	1.227
153.8183	1.484
145.0272	1.2635
30.6098	1.6243
49.9448	1.2736
50.2966	1.2352
73.1188	1.2984
94.1274	1.6322
149.7768	1.0806
169.0731	1.5297
190.0941	1.5045
189.5094	1.2379
193.3021	1.5177
173.4195	2.4559
198.3536	2.5612
198.5081	2.9743
194.1784	2.7841
208.488	2.9588
200.9781	2.5875
207.2924	2.3307
227.5493	1.7593
291.6908	0.512
26.3002	0.455
77.9273	1.301
61.5728	1.6029
70.9329	1.9559
73.1422	2.3344
74.4256	2.1038
61.015	1.2414
32.1756	0.7633
67.384	0.2682
132.0352	1.2022
150.5545	1.9841
151.1145	2.6427
157.7671	3.589
173.8075	3.8688
178.6035	3.7249
163.2741	3.1602
155.682	2.9796
143.4631	3.0647
138.5189	2.6953
132.315	2.7113
135.5398	1.9978
127.7122	1.9795
112.05	1.0521
93.1381	1.1251
50.8044	0.6768
7.1111	0.9399
349.9834	0.9798
21.6846	0.5254
349.7909	0.8041
59.9496	1.0462
21.0954	0.9485
56.4475	0.9673
15.6851	1.3879
25.762	1.6854
14.6297	1.7853
43.8068	1.5031
38.8035	2.0949
40.6782	2.0374
44.7826	2.1746
46.9542	2.1428
38.8847	2.192
48.0007	2.0324
37.9732	2.1819
35.6343	2.0023
11.277	2.0099
358.8437	2.2868
350.6833	2.6181
359.9291	2.0095
4.8398	1.9762
14.2788	1.5716
11.4022	1.57
24.0203	1.8592
16.6436	1.6826
28.9542	1.6775
30.649	1.625
52.969	1.5406
62.1886	1.4816
99.9608	1.3329
134.8431	0.961
131.9493	1.5032
156.5835	1.0469
181.1771	0.5361
190.7988	0.7937
225.2305	0.1276
193.4202	0.9502
131.3157	0.3802
164.2901	0.7083
125.0164	0.737
123.9114	0.7382
49.8427	0.6799
99.2871	0.4501
36.6034	1.1314
4.6586	1.1845
358.358	1.5113
354.0928	1.1111
104.1482	1.4111
104.4985	2.05
90.3785	2.3883
77.1783	2.1632
80.6665	2.357
83.935	2.3939
83.548	2.2277
91.0708	2.0264
105.2364	2.4413
117.5808	2.7787
118.8185	2.1668
124.6758	2.6188
119.5019	2.8026
116.7942	2.5945
105.777	2.5102
110.0879	2.305
97.4615	2.2508
117.3525	2.1601
114.9402	2.4778
103.2901	1.6884
93.1005	1.3369
89.0807	1.3052
98.1758	1.8999
99.5265	1.6541
111.9612	1.9188
125.2512	1.7584
126.2254	1.8653
125.9826	1.6533
119.6934	3.0262
108.3352	2.7863
87.7745	2.0286
85.4458	2.5226
72.9689	1.5591
60.6403	1.6743
31.0619	1.3221
28.6535	1.5675
5.7466	0.7699
343.8007	0.5331
23.2693	0.6248
246.748	0.463
84.1923	0.3257
332.76	0.1968
12.1961	0.4798
195.3544	0.2836
184.2295	1.3018
187.2756	1.4395
172.3255	1.647
165.9239	2.4553
157.9435	2.1075
165.9152	2.1193
159.0044	2.1367
157.9218	2.0444
143.4899	1.5121
98.9314	0.7274
7.1509	1.495
8.8027	1.5386
69.9285	1.3514
108.0704	1.9228
127.4332	2.3849
135.4682	2.7829
149.0305	3.7229
158.2631	3.8084
159.2652	3.6999
162.7719	3.3673
161.7113	3.617
165.8459	3.583
164.3611	3.6048
173.5889	3.5501
170.0888	3.5308
172.3366	3.5577
160.3483	3.7322
158.0924	4.3694
148.9552	4.0695
149.971	2.8772
140.2817	2.3446
155.8898	2.1101
160.1319	2.3409
176.5611	3.0639
175.505	2.9713
167.978	2.7429
148.9971	2.507
138.713	2.033
109.1405	1.6981
96.0732	1.3591
83.1192	1.5281
50.2044	1.2597
24.1521	1.1867
6.8043	1.2852
58.6195	0.6692
87.2237	0.5396
113.258	1.4084
69.6144	1.9341
63.5925	1.2883
43.6689	1.6303
67.9342	1.6524
68.6308	2.2636
76.14	1.7164
41.7888	1.6719
10.8919	1.3554
320.4362	2.4485
267.6193	1.8973
244.0353	2.2016
256.8057	3.4514
267.4616	4.4499
267.1954	4.6586
274.4637	4.2686
263.0386	3.0443
258.1941	2.8118
236.2652	2.199
225.8561	2.3656
228.6717	2.5554
238.8439	3.1725
245.8696	3.6517
261.0003	3.4429
260.9377	2.2064
264.9245	1.394
173.8736	0.7538
198.479	1.3332
226.7392	1.0471
264.3146	0.5233
174.6206	0.6431
188.4565	1.9002
176.4575	2.1214
212.0814	2.1907
249.0221	2.1315
255.3717	2.7025
257.4925	2.3683
258.2225	2.602
244.5362	2.5752
253.6881	4.1295
231.4465	2.6721
167.0671	3.1333
166.8995	4.9198
165.7438	5.2354
194.8467	4.5338
214.2867	3.433
186.1164	3.5974
184.2352	3.6753
175.5313	3.506
178.0536	4.4525
166.4789	4.5331
159.226	3.8295
158.3297	3.8671
158.409	3.5907
150.7521	3.2479
142.0681	1.7934
169.5622	0.9203
150.3792	1.4235
145.798	3.1089
155.4049	3.3646
164.2083	1.936
164.6207	1.5561
136.5106	2.2498
135.1625	2.1612
112.4576	1.5086
96.5889	1.4372
106.9719	1.8239
111.7854	1.6149
124.9574	1.7231
129.9483	0.9643
139.7153	1.6635
174.3258	1.6942
192.1878	1.3285
216.9688	1.4785
221.8334	2.0001
232.9398	3.5517
221.0357	2.6533
234.0527	3.1436
224.3926	3.6234
233.1588	3.2403
239.515	2.3503
253.5117	1.7808
242.2201	0.8934
250.3101	0.6428
93.3204	0.5024
119.215	1.0568
114.9655	1.684
114.58	1.576
114.0488	1.3136
137.4104	1.255
154.0133	1.2585
156.1112	0.9508
238.7196	0.5222
267.3394	0.3959
201.6449	0.635
198.0587	0.6789
30.7512	0.1563
2.9691	0.4059
80.6893	0.4226
311.4235	0.7275
356.905	0.9887
2.0552	0.4709
47.4386	0.3197
312.4827	1.6393
312.5226	1.3295
274.5783	0.6572
222.2353	1.3186
254.3975	1.9698
279.8506	1.8089
270.0056	1.4815
272.7704	1.4013
292.1939	2.1121
288.7833	2.613
293.7999	2.5858
291.2396	3.1306
293.4608	4.0019
310.4026	4.6749
324.5813	4.9382
343.9681	4.5722
350.3601	3.7823
338.4363	4.0697
2.5471	4.2111
28.3088	2.9371
56.9963	1.6365
3.8068	1.698
307.6904	1.3283
275.9913	2.4108
305.2157	3.0277
314.0872	3.5607
319.0341	3.332
328.4281	3.2925
331.2658	2.5384
343.1134	2.3041
348.9058	1.3676
345.1678	1.4055
289.435	1.2894
299.4971	1.5484
277.4551	1.1906
238.9562	1.5591
278.8128	2.0433
286.5519	1.9429
289.1063	1.6185
248.8101	1.9619
273.4378	2.6792
290.5306	2.5473
307.6766	1.8369
284.776	1.2236
298.7691	1.788
320.3382	1.4833
333.0429	1.0205
64.286	0.2198
342.8198	1.4857
340.1371	1.6885
18.2353	1.0241
77.4183	1.546
95.7171	2.1904
109.8828	2.0479
128.4896	1.8019
144.5654	0.718
315.7663	2.2023
326.6816	2.2974
335.8769	2.5852
350.1932	3.1422
352.4816	3.2769
6.6033	3.3011
29.804	3.0575
42.9638	1.9254
140.4213	2.1772
162.013	3.9015
174.3095	3.8598
186.4151	3.1322
186.4617	2.1594
189.1043	1.6435
166.8295	2.1729
172.5266	2.5392
173.3672	1.7924
176.9254	1.5142
164.4749	1.426
169.7537	2.0658
174.5985	1.5873
180.6388	1.1037
183.7424	0.6872
197.6206	0.7499
301.2647	1.7952
319.7068	2.1139
320.7631	2.7282
324.3408	3.6369
329.4057	2.7647
329.849	2.0999
336.908	1.4417
305.9506	0.5919
281.662	1.891
295.7588	1.219
244.7522	0.4278
154.4601	1.7428
145.9952	1.8318
129.6505	2.3513
124.6003	3.5571
137.3181	3.2573
132.4537	1.9291
119.2499	1.3942
23.8398	1.046
305.5361	1.0993
309.1587	2.0013
312.4042	2.0648
323.1166	1.7311
71.3398	0.5133
165.3743	1.0133
343.8584	1.1891
311.4214	1.2987
339.1419	1.8413
315.1612	2.0627
317.8512	2.4049
323.7305	3.0227
333.0738	3.0668
334.7173	2.9076
327.8732	2.6659
342.7717	1.1615
150.6765	0.2935
152.4795	1.7698
112.6914	2.5441
83.6436	3.3441
51.328	2.1566
312.7652	2.4087
314.7813	3.284
308.0967	4.307
297.7011	6.052
302.7887	6.5306
302.2021	6.7614
322.2686	6.2243
349.0054	4.0376
86.03	3.5547
110.1474	3.1777
117.2358	2.2467
148.4407	2.6938
196.509	1.4852
283.5375	1.8218
300.6882	3.1077
297.9892	3.3173
296.816	3.5281
301.1014	3.2705
307.7613	2.9583
318.9709	3.1853
323.8693	3.5428
331.4031	3.4229
340.9727	3.6307
351.5763	2.844
330.3619	2.4207
330.3347	2.0142
331.7773	2.1818
329.8088	3.1161
337.9779	3.6218
346.3565	3.2437
7.944	3.2103
3.1977	2.6416
315.742	2.3802
163.7161	2.5995
170.5287	3.2238
190.3726	3.0916
215.912	2.0418
255.5854	1.8098
274.7672	1.8862
287.6443	2.853
325.7327	3.7164
345.5344	3.9876
21.998	3.9716
53.2734	2.4763
272.1559	1.8608
312.8309	1.8412
314.3237	1.1349
222.0848	1.551
235.4803	2.5472
290.1443	2.1251
314.0535	1.8839
315.8466	1.8176
317.7888	3.9001
327.1822	2.6702
336.6495	2.8456
338.7314	3.2752
340.2969	2.7001
345.2144	2.4049
25.3735	2.4401
62.0285	2.9209
129.0575	2.7426
140.7221	2.4637
151.1446	1.5965
213.284	0.8335
259.7047	2.1772
282.4549	1.789
268.6593	1.438
235.9668	2.0294
252.5889	2.5122
313.1939	1.5981
87.0316	1.4522
92.5039	1.8263
304.3818	1.7667
332.646	1.9632
43.4358	2.2017
105.8821	2.4097
146.7851	2.2027
131.7994	2.1047
133.9837	3.8448
132.5533	4.101
134.7842	3.1105
140.5362	1.3643
259.2038	0.6098
295.2134	2.2626
299.2047	3.1088
314.3126	3.1584
13.8118	2.1636
115.3432	2.6269
134.3313	1.6937
97.1493	1.5314
126.71	3.9743
128.3832	2.5524
130.248	1.9907
133.8731	1.7447
128.4628	3.0755
138.7011	2.8452
215.7861	1.6208
262.0442	1.2103
275.2564	1.1578
271.4086	1.0765
287.4837	2.8827
308.6891	3.172
357.9011	3.4398
32.4792	3.2779
15.3795	2.7951
357.0173	3.558
6.2055	5.1753
5.6711	5.12
355.1177	4.5946
338.2884	3.9483
345.3813	4.1771
336.7632	4.0832
329.8187	3.8318
323.3521	3.8641
344.1324	4.1175
354.3185	3.1567
0.9275	2.1446
33.9849	0.8603
126.5784	2.431
146.4968	3.2465
130.9366	2.997
105.6097	2.2249
102.5055	2.1902
145.9315	1.315
160.4765	1.7853
155.969	1.7245
175.0759	2.6046
159.4446	2.0465
136.2083	1.6756
104.6283	1.7402
102.7189	3.0114
119.8546	2.6125
117.0122	1.5414
58.0285	1.0465
77.1893	2.2222
268.7521	0.7692
263.1301	2.3403
275.6494	1.9522
303.5938	2.745
324.3265	2.9472
327.8014	3.0063
343.0594	3.2483
16.46	4.7343
37.1397	3.6685
49.2612	3.8493
85.9117	4.4501
118.0127	5.2049
151.305	2.4634
263.0979	2.8729
297.2893	1.6813
279.7115	0.5826
160.2173	1.8368
174.8811	2.8214
146.5475	2.5413
150.4624	4.3801
166.7168	4.1326
182.9423	1.8452
205.2203	1.8017
193.7483	2.4575
188.9209	3.2464
178.7645	2.4487
182.3122	3.1161
199.3395	3.3831
212.195	2.8941
250.0232	3.7458
284.9834	2.0704
324.1863	3.6476
328.0097	3.784
324.366	3.7389
338.022	3.8579
349.4577	6.7942
352.7522	6.2941
344.9195	3.8246
329.4065	4.11
347.0097	5.8783
24.0092	2.1457
321.6077	2.7425
329.2871	2.2746
352.019	5.1684
346.7139	3.9937
342.8572	3.7265
345.6912	3.0959
14.5958	5.0741
52.2638	3.2891
112.7403	2.201
156.13	2.4295
129.7291	2.1766
169.5978	2.164
220.2202	2.1219
280.3382	1.7752
1.7718	4.6071
6.2174	3.5147
10.0346	3.2091
6.8252	2.8704
22.6022	4.5995
6.771	4.1137
345.7274	3.0836
350.4282	4.1322
351.5842	6.7371
351.8138	5.8216
349.3488	3.3933
345.4435	4.1863
23.6682	4.213
355.4672	2.9049
325.9688	3.7229
327.8914	3.7575
342.2585	5.3943
10.216	4.5467
340.1405	3.1208
338.042	1.2351
39.7688	0.8773
171.6996	2.9374
170.7486	2.1314
170.3374	2.4171
165.1042	2.736
183.85	2.1417
205.3462	2.2225
255.3565	1.6536
326.5276	1.4543
324.2009	0.8611
283.6361	2.0514
192.2623	1.4629
179.4851	2.6269
190.7611	4.1007
196.6734	2.5227
205.0843	2.4781
198.179	2.3846
180.7266	2.0909
170.023	2.1971
93.8193	2.4319
156.7817	3.4721
185.1981	3.9825
187.8418	1.8796
164.7403	2.2335
151.2478	4.0466
155.1485	5.2217
158.88	1.9483
101.8011	2.1076
99.4902	5.7535
118.9925	6.0424
129.2741	3.1272
121.0898	2.6664
142.1126	5.0715
173.8218	4.5691
186.6677	1.8815
228.1347	0.7194
53.5219	1.3518
116.8387	1.226
222.0497	2.7416
216.3312	1.8313
143.0818	1.3885
193.2496	1.7997
195.207	2.4501
174.1074	3.3352
194.049	3.5127
216.3683	2.9072
201.56	1.2146
201.3308	1.0871
147.0003	0.7297
91.2901	0.7151
242.4892	1.1589
259.2949	0.7269
172.9363	1.0302
201.9926	2.0438
234.6942	2.944
235.1767	2.5767
262.5047	2.293
216.546	1.0793
213.7224	2.1074
168.6008	2.1547
166.1033	3.4049
197.7219	3.8987
212.1688	2.0592
215.4663	3.6701
224.1704	5.6151
223.0929	7.0286
223.0245	5.2345
210.1284	4.698
234.6228	4.5787
210.3609	4.8085
205.2356	3.2962
201.4705	3.4138
192.4875	3.8982
168.0223	4.7546
160.1497	3.0322
128.8725	2.9332
130.2366	2.4283
117.4098	2.8582
116.4651	2.5435
128.1291	2.2121
128.6273	2.6897
132.1449	2.4674
113.5822	1.321
47.4308	0.8677
37.4867	3.1114
27.2469	2.5435
314.267	3.5604
332.308	2.9317
6.8386	5.6897
1.8687	4.9705
354.4021	4.1412
337.4096	5.1319
343.4088	4.1435
299.0089	1.6713
268.2754	3.0397
190.3152	2.7321
180.9263	4.0054
194.2576	4.867
193.9497	2.0829
183.1491	2.7118
167.7796	3.3593
176.8202	4.7523
180.8546	3.3537
177.9109	2.8588
192.8638	2.7138
202.0095	3.0681
195.9475	1.8172
244.373	1.8177
284.9203	2.3326
260.3025	2.3852
242.7891	3.2299
250.1181	2.0518
219.103	3.2456
225.8532	5.2582
243.0993	3.5229
239.0317	4.4609
238.7804	5.0473
239.6903	5.6229
247.1648	2.4712
259.8317	2.6808
278.0791	2.0217
309.9336	1.9055
333.6356	3.4322
339.1186	2.48
358.9927	4.8292
357.4902	4.4402
343.2777	2.6224
344.9256	3.0145
5.4771	4.7458
3.3717	3.8057
333.5973	3.5955
327.6162	2.5438
3.5859	2.3601
255.3268	1.9363
246.8281	2.841
243.6526	2.9281
282.8473	3.4171
291.4174	2.9074
293.8833	2.7081
281.366	2.6667
293.7026	4.6827
299.1203	4.2687
316.4389	3.5066
322.3168	2.3133
306.1523	1.5248
210.8568	1.8545
216.7769	2.538
240.0261	2.4678
250.3058	2.1978
262.2401	1.8639
283.4658	3.7722
317.2747	2.5297
350.4234	1.4793
91.3236	0.0781
324.4516	2.1439
6.6382	1.3194
85.8792	1.2952
129.367	2.4663
163.3994	2.1308
126.7102	2.3381
128.2994	4.0397
159.0157	6.26
170.0349	4.9526
163.4285	3.4841
141.6308	3.5083
154.235	3.8361
151.0691	1.4592
23.4008	1.5367
71.9157	4.2732
58.2213	4.0254
12.0032	3.5223
45.2995	4.256
135.1166	3.9069
144.5186	2.4753
87.6574	1.9988
25.0848	2.4932
84.5043	5.3179
83.2495	4.2609
17.8856	2.8957
40.0006	2.521
44.2754	4.0091
22.1614	4.1383
20.916	3.6584
50.8045	1.4239
106.6404	1.9102
171.2633	3.586
194.0664	1.5983
220.5106	1.7371
246.8452	0.9078
158.0321	1.5127
190.5931	1.7997
180.4546	2.7884
166.2569	3.1682
170.3414	3.8502
179.2732	2.2478
176.7908	1.7461
149.0485	1.3801
168.6409	1.0577
303.6261	1.1867
305.0015	1.2895
336.0863	1.5644
340.7147	2.2924
327.8518	3.9859
320.5873	2.5227
339.8479	3.0743
5.1192	2.7893
0.214	3.2078
154.7123	4.7703
149.6105	4.4096
165.0758	3.5545
184.2886	2.2823
292.6718	1.5127
12.3139	1.3487
84.4356	0.6449
56.246	1.2611
202.0231	1.6608
204.3694	1.6164
202.5366	4.0313
204.7179	2.2784
212.3654	3.2738
259.0506	3.0271
305.1861	2.9713
310.7657	3.0262
336.5535	1.2886
75.3402	1.7287
147.305	4.4395
163.445	5.6926
161.0469	3.4755
138.5057	6.1853
156.6565	6.0195
169.5929	4.7788
182.6772	2.3542
201.0595	1.498
266.9761	0.3422
349.8347	2.5875
343.4981	1.7796
7.7058	3.9833
16.6766	4.6331
11.6828	3.8012
358.0236	2.7015
26.0327	6.2882
35.6606	5.271
23.2278	3.309
25.6489	2.3751
57.8144	2.6604
159.1376	2.6714
162.2911	2.1729
139.3274	2.0686
99.8072	2.0097
67.9043	1.7902
339.247	1.3435
284.597	1.4626
130.1679	3.1335
148.4007	4.2873
147.1777	2.2799
149.121	0.9929
110.1951	2.586
97.6748	3.3929
101.7069	1.7992
32.5852	1.1995
111.5145	2.1525
168.36	2.9225
171.3047	1.9556
96.4593	1.362
41.3735	1.9564
25.7173	3.4825
7.8224	2.6354
88.9469	1.8287
91.6441	2.8036
349.4773	3.5036
339.9743	4.5852
6.9846	5.9877
112.0884	8.979
130.6639	6.4362
80.8661	3.4355
75.2936	5.1201
96.7773	5.767
93.9242	5.3771
49.6245	2.5212
41.9839	2.8358
57.9458	5.3028
85.4589	4.2986
117.0245	4.2581
145.6804	4.0449
145.8183	4.2468
161.5377	3.35
189.3042	1.5414
204.639	0.8971
206.2747	2.0377
205.3936	2.3535
209.4966	1.8966
207.9944	1.7308
278.7925	1.508
301.8092	1.1956
290.2121	3.9202
308.5224	2.3745
336.6406	4.8996
331.5266	4.6753
318.3065	2.8799
321.6547	3.0556
339.2025	4.8376
353.6238	3.0093
336.9723	3.2055
339.4368	2.0386
17.0166	3.144
28.1697	2.1597
336.6636	2.8615
307.5735	2.1796
321.2742	3.7711
327.8416	3.9795
324.8216	3.2738
8.2416	3.6178
65.1162	3.4628
110.797	1.3128
168.1263	2.4037
168.2175	3.4621
166.942	4.2392
170.6273	4.0014
178.348	4.5646
171.17	4.2452
182.949	4.2766
165.5399	4.264
161.4975	4.1025
150.5987	4.7286
140.939	5.0778
120.4942	6.0493
109.6598	5.6194
103.8711	4.5668
110.5037	5.1591
102.4979	3.3071
14.7894	1.6804
341.4997	1.383
310.7567	1.3201
248.8336	1.7804
196.3562	2.7932
180.5652	1.5878
197.0018	3.335
191.6302	3.343
190.648	2.7469
193.523	2.681
191.5736	3.1248
188.5629	2.8224
206.9629	2.8681
196.3687	1.9129
158.7915	1.7599
157.2338	2.4658
173.6347	1.9536
169.3154	1.8218
165.0185	1.6184
173.4848	2.4143
183.9133	2.7431
180.3724	1.8532
157.9656	1.3452
152.9141	1.9282
223.7022	1.7338
256.4094	0.9078
172.7232	1.0369
145.5142	2.0457
229.4375	0.5324
36.7977	0.7886
92.386	1.2219
151.8945	1.7831
147.2609	2.6022
145.768	3.169
144.9675	2.8652
114.7677	1.7835
334.788	1.775
324.96	1.8416
348.9582	3.9923
330.1094	3.0932
288.4478	2.244
286.7783	2.6332
296.2766	3.4029
335.8364	1.9058
73.5446	3.5368
78.6414	3.8513
159.3297	0.8361
161.3492	1.3599
91.7744	2.2305
175.6053	1.5185
190.8078	3.448
165.5937	4.7967
150.8417	4.9819
141.0429	4.3734
152.2237	4.1658
157.355	2.3548
159.4627	0.6005
138.2244	0.2603
297.4016	0.9654
262.7146	0.5036
272.781	0.5521
282.9347	0.5958
310.9296	1.4251
294.9288	1.6138
296.514	2.5507
295.9033	2.7568
298.4053	2.3684
282.1266	1.5505
253.6639	1.6814
234.122	1.4678
223.2701	1.8682
215.613	1.8619
217.3124	2.0482
219.2502	2.8312
199.3603	4.3
187.513	4.6366
172.8904	4.3008
156.8064	2.5467
156.3404	1.6309
240.2537	1.6094
240.6655	3.0055
232.4344	2.2605
226.6764	3.9758
227.9273	4.3431
222.2199	5.4227
227.0997	2.7229
205.6669	2.9177
210.0147	3.8258
237.0845	2.5404
260.2853	2.3445
288.8471	2.9364
97.4474	0.4777
1.3879	2.1693
347.5764	2.3208
4.6583	4.8047
346.7218	2.743
330.6417	2.4886
327.2328	2.1498
353.0635	3.3299
346.8582	1.3325
301.2998	1.996
312.8382	1.8615
165.1104	0.3744
184.1418	2.0268
171.3146	3.0271
173.2811	2.1582
191.394	3.3316
170.592	2.523
166.5987	2.3914
167.3671	2.7753
183.882	3.3337
162.6358	2.451
168.2914	2.4842
148.0397	2.3658
158.5364	2.8774
153.7771	2.2466
199.4289	2.1884
207.1998	2.7054
242.7129	3.2868
211.4687	2.5629
214.5458	2.0819
213.8577	2.1413
230.038	3.6604
201.7083	2.9102
218.9208	2.9245
211.0905	2.6414
238.2611	3.6483
215.7942	3.0366
219.8399	2.4017
207.6976	2.2086
248.7237	2.9232
225.0073	1.9631
238.075	1.8351
237.1513	1.9717
269.3366	2.5694
279.0061	2.7865
287.782	3.836
293.1	4.3449
304.658	4.4592
315.7633	4.7412
321.79	4.4831
324.2015	3.9285
334.6279	3.844
333.8301	3.4196
329.8019	2.7302
359.3405	1.4955
85.8621	3.3252
104.2771	3.5739
120.96	3.8784
129.1661	3.6772
138.3173	4.8699
117.8759	1.9615
34.4604	1.2466
359.3219	1.8257
14.7477	4.0183
2.0724	2.2888
353.7461	2.0695
4.7919	1.8629
64.1177	1.7957
123.0912	2.4522
141.2733	2.3272
143.5705	3.0682
151.6665	4.2254
162.4588	4.912
166.7335	4.6815
162.0703	3.796
168.0936	4.8716
136.434	2.9061
119.4439	3.2385
109.1343	2.9307
130.0662	4.918
148.541	3.1001
169.1396	2.8594
169.4822	1.9834
157.0434	1.3972
21.1009	1.0286
349.9499	2.4288
348.9983	3.2377
349.4828	2.6165
338.7816	1.8328
324.0736	0.9852
62.6126	1.5882
102.6004	3.5517
115.4643	3.2636
113.2218	3.9387
125.3287	3.302
115.2853	2.8242
104.2133	2.4674
81.2305	2.1172
64.562	1.7856
63.5623	2.6502
24.6455	0.8478
314.7285	1.8512
302.0678	2.2053
304.7305	2.3129
307.6335	2.0649
313.0436	1.7059
328.0739	1.9725
335.4801	1.1894
330.0343	1.2769
318.6092	1.9938
303.9088	2.4756
301.0182	2.2898
280.7899	1.2799
290.2748	1.0506
307.3935	1.577
291.7731	1.5508
282.0604	1.8217
286.8355	1.9077
294.3373	2.1339
307.8173	1.9631
316.7782	2.3188
308.2463	2.073
315.8286	1.5341
306.2369	1.0072
276.7684	0.7952
202.6234	1.2234
178.4829	1.0283
169.9871	1.0422
144.6199	1.8465
132.1334	1.3748
128.2084	1.4244
118.8849	1.6672
135.0941	1.6986
131.7886	1.6103
141.4987	1.6738
147.4275	1.5914
162.6663	1.5438
173.1144	1.1666
210.0607	1.2237
248.5786	1.4444
267.4974	1.4775
289.1726	1.3183
315.3134	1.422
357.2075	1.345
28.2445	0.9916
354.9275	1.2554
328.5969	1.0604
303.1279	1.9712
285.2799	2.565
270.5938	2.4283
266.9689	2.7378
274.6719	3.1812
300.3695	5.0864
306.5224	4.3286
310.6737	3.5428
307.6578	3.0971
308.2794	2.6452
305.9626	3.0018
337.1096	2.4891
33.0541	1.9346
89.2786	1.5082
146.3448	1.3684
163.5415	1.8751
164.0737	2.5151
155.0504	2.9664
145.3572	3.0697
131.3339	2.9536
132.1235	2.9776
126.6812	3.3797
127.3162	3.1433
129.1577	3.153
128.8205	2.7852
125.5467	2.7283
114.9701	2.321
89.0549	1.7225
53.9773	1.9279
58.2175	2.3272
59.3198	2.4946
30.3171	1.5622
356.6047	2.8687
334.4656	2.2929
332.5239	2.6685
326.865	2.7586
327.0941	3.0614
326.4709	3.6111
324.5741	3.5645
324.1262	3.5008
324.3424	2.7055
342.31	2.115
10.5246	1.6681
358.9944	1.3488
331.2672	1.0332
206.7494	1.8854
177.1958	1.8714
146.5698	1.4797
145.657	1.3516
199.2654	0.8383
249.6266	1.4677
282.8169	2.1142
309.4389	3.1377
317.8178	3.4379
310.0897	3.2475
295.7136	3.413
305.2045	3.6688
317.579	3.539
325.4301	2.5204
9.1534	0.8549
145.163	0.7943
189.847	0.8454
190.4014	1.2687
241.0408	0.8526
228.5745	0.1525
354.1049	0.9373
180.3126	1.2609
148.3192	2.1361
154.3073	2.826
146.8286	2.8852
142.9376	2.8936
135.2498	2.6621
130.9353	2.5537
123.7786	2.4285
118.6623	1.8721
108.4295	1.5063
24.103	1.3129
322.8013	2.3608
315.6483	3.0628
322.301	3.2694
327.5339	2.6266
329.3786	2.3339
325.6443	2.0196
324.178	1.9116
321.8357	1.8867
310.9293	1.4405
290.0737	1.0294
300.2099	0.7655
329.6847	0.1534
16.0184	1.254
7.574	1.0474
7.3792	1.5174
23.4784	1.0533
69.9892	1.2272
111.6448	1.7623
130.6557	1.27
186.1037	1.1557
178.5964	1.3961
166.2835	2.0912
147.574	1.3463
147.1712	1.0543
190.2364	1.1508
208.2402	0.9433
238.3789	0.9956
200.7786	1.2909
181.0972	0.7775
194.5406	1.5184
171.5184	0.9693
161.6889	1.76
142.4575	1.582
161.5393	3.0941
149.2138	2.1035
144.314	2.5525
141.5238	2.9491
143.4812	3.3013
141.9422	4.6026
142.8687	3.1685
75.7634	1.0404
19.9448	0.7993
79.6336	0.3872
110.0843	1.3271
108.541	2.2997
80.5891	2.2006
110.0164	1.8753
161.4908	1.7874
166.2845	1.9922
194.082	0.8427
143.4168	0.7735
164.1555	2.0149
167.9975	2.1969
120.8875	1.6137
65.5585	1.0558
176.5271	1.6265
191.3392	1.9521
230.0548	2.2371
266.5271	2.2719
263.8366	3.3125
289.4187	4.9915
304.841	5.8856
312.2027	4.6446
292.0476	4.2712
299.6993	4.1896
293.2185	2.449
65.6209	1.9226
103.7065	3.5057
112.2977	3.1451
104.776	2.7449
77.1859	2.3139
28.5134	1.7488
6.06	1.0189
335.4494	0.5581
171.9568	0.6266
183.4626	0.5588
142.7002	1.1031
123.5444	0.7118
93.6082	1.0974
105.7454	1.2399
116.9331	1.405
140.6643	1.3244
148.4299	1.3483
172.8112	1.5987
211.5345	1.3577
201.6931	1.4892
194.3985	0.6064
222.1715	0.2269
49.7421	1.3367
90.6633	1.4751
105.3505	1.3091
142.4673	1.2749
152.9789	0.8037
160.4962	1.2825
143.7671	1.1672
156.6229	1.2536
154.2765	1.4288
167.2764	0.9165
114.3142	0.1725
123.653	0.898
86.8028	0.7075
22.3335	0.7196
41.4404	1.0521
21.038	0.5105
115.1919	0.3867
5.2516	0.4273
24.8125	0.8246
29.0627	0.999
58.0508	1.3794
19.6995	1.3392
41.6746	1.3679
22.3812	1.4265
50.63	1.4181
32.6016	1.4315
32.5335	1.6354
28.2775	2.2541
28.9549	2.1428
11.9669	2.095
4.5676	2.2818
3.4361	2.6957
10.9593	2.8692
16.2484	2.7131
21.1799	2.7432
16.0274	2.5708
13.541	2.6254
13.1836	2.5661
21.6129	2.7098
25.3571	2.7318
2.7064	2.1906
342.5605	2.5194
329.5367	2.1217
332.6852	1.3459
348.9887	0.8936
333.707	0.8192
7.7409	1.0921
344.2782	1.0894
321.7286	1.2165
314.0334	1.6737
317.4125	1.8904
327.6497	1.5844
330.6429	1.567
23.4184	0.4683
114.2994	1.4185
105.2469	1.4389
88.7563	1.5635
53.8208	1.5976
31.3859	1.6045
4.6615	1.8831
10.8707	2.1855
21.7558	2.0411
55.3662	2.4106
44.768	2.4958
49.3065	2.6504
50.1302	2.1204
35.1795	1.6467
353.1185	1.7802
337.995	1.989
331.8044	2.2881
340.2481	2.5079
333.3757	1.9847
333.491	1.9649
324.4473	0.9902
354.4352	1.0673
343.3944	1.1035
327.3101	1.3406
310.793	1.629
312.9082	1.5346
312.7323	1.4908
326.9843	1.1975
333.822	1.082
354.1431	1.2067
340.4244	1.0823
352.9917	1.2972
333.0994	1.0407
10.1193	1.2504
359.4175	1.2866
10.1237	1.2293
356.8873	1.3066
51.1419	1.5555
356.6267	1.2673
10.8052	1.4186
353.5454	1.5573
351.9867	1.5338
340.5478	1.9671
323.72	2.2658
320.5354	2.2935
314.0231	2.4286
311.4955	2.2477
313.3606	2.2424
320.0894	2.8129
320.1365	3.3054
322.3748	3.3925
328.3755	3.5714
341.3287	3.1946
1.4607	2.6085
