140.3846	1.8287
112.606	2.0909
100.8815	1.8374
73.1787	1.5544
58.8971	2.1363
40.0002	2.6596
35.8284	3.098
30.3948	3.1211
31.8815	3.2251
38.1015	3.713
33.7271	3.7444
44.8287	3.9058
42.7685	3.8584
49.3815	3.4285
32.386	2.8286
350.1269	1.8075
297.0023	1.7043
312.2911	1.4377
281.2763	2.4085
279.8836	4.2089
324.5704	6.9829
67.5056	4.7095
102.6005	3.7065
123.983	2.9917
147.5611	4.1755
95.3628	3.7774
16.0886	2.8008
322.1736	2.3585
319.5534	1.9838
343.8809	1.951
342.5869	1.5553
316.6803	1.7509
295.4642	1.972
292.5439	1.547
264.5041	1.5896
235.9367	0.7487
79.7516	1.7814
83.2672	2.3154
83.0036	2.5993
82.9135	2.1424
90.4231	2.0923
103.5055	1.3865
106.1881	1.1999
105.4763	0.4135
139.5424	0.8112
134.1515	0.999
151.8148	0.76
157.6741	0.8334
182.9451	0.687
186.2688	0.6474
227.8533	0.8191
231.8108	0.302
234.2491	0.5681
162.9125	1.5706
179.6212	1.5387
195.6312	1.2384
200.5085	0.6649
199.0288	0.6312
332.5586	0.2964
352.3963	1.0829
13.9968	0.7673
354.5589	0.8736
6.6837	1.6856
7.877	1.8538
1.5935	2.1867
345.7749	2.5617
3.3487	3.1065
351.4712	1.9573
347.8049	1.9515
334.6516	2.0599
321.5554	2.3197
312.983	2.6443
296.7409	2.4533
271.0188	2.1644
243.0705	2.4748
233.6725	2.4498
233.8248	1.4772
109.5428	3.5653
108.9726	3.9562
82.0685	3.6744
24.6113	3.257
9.2895	2.4701
182.7762	0.5848
164.5559	2.5092
167.5081	2.179
152.0819	1.9535
158.3871	1.7061
219.5248	0.8507
134.8147	2.4274
127.8144	3.0136
109.115	2.8552
57.3905	1.6517
78.6822	0.7855
80.3464	0.8476
24.2229	1.4649
347.6519	1.7633
330.3225	1.5866
316.0779	1.474
192.4939	0.8092
198.736	1.141
191.9738	1.1813
180.8553	1.2223
167.4187	1.4261
163.7473	1.553
156.9395	2.1194
156.4931	2.5808
159.8642	1.8915
51.1731	0.6584
17.4674	0.9161
8.7635	1.3063
25.9893	0.6971
28.5221	1.1883
69.73	1.3903
93.5077	2.0954
49.1582	1.5563
42.6944	1.7535
44.9064	1.771
49.7023	2.0339
48.6236	1.8524
46.9879	1.8278
74.5099	0.9215
89.8427	1.236
112.0614	0.8266
8.5621	1.1025
359.8256	0.9021
10.1929	1.3276
352.6035	1.2796
358.4694	1.3312
4.9358	0.8569
30.5039	1.2273
5.7321	1.165
341.4777	1.3773
336.3424	1.6312
319.3333	1.5068
302.0914	1.3947
281.1531	1.0808
319.5679	0.7882
335.92	1.4732
336.2219	1.5933
321.0132	1.8884
322.8657	1.6924
249.5526	1.5398
195.4878	1.9665
198.0138	1.2937
185.4418	1.105
161.3019	1.2615
125.1636	1.7651
111.9339	1.9742
107.5337	1.7791
107.2869	1.9414
123.4679	2.2999
124.0505	2.4921
131.9402	1.8399
80.2359	1.6907
52.2711	1.6882
32.1138	2.5389
10.2128	2.3931
323.6798	2.1956
291.3849	1.6721
256.0265	1.6087
239.5406	2.1854
256.0618	2.1536
278.1806	2.7298
330.3634	5.4322
3.4269	6.5408
356.9619	4.6436
342.9626	3.4226
297.3306	2.0385
280.9085	1.3125
109.0957	3.9654
107.8146	3.6084
115.9098	1.3664
100.8197	0.9062
88.663	2.0393
73.0943	3.3637
96.2548	2.8467
52.9801	1.739
8.6229	2.0512
351.0405	1.9303
340.9654	1.9428
342.3034	1.8559
332.9829	1.888
327.7078	1.9743
322.3021	2.7811
323.9696	3.1674
338.5058	2.6629
40.1915	1.83
61.078	1.694
10.8389	1.8786
339.6391	2.0127
326.1881	2.5194
317.6937	3.2079
327.9924	2.9019
339.6184	1.7378
23.4684	1.3632
33.6063	1.2642
18.6895	2.2376
327.3745	1.7119
318.1764	1.6518
314.3597	1.7383
315.368	2.1375
309.4521	2.3125
311.4675	2.2357
314.0143	2.3018
324.6254	2.672
320.6756	2.1516
318.3185	1.9867
316.7718	2.1028
313.5938	1.8808
299.0229	1.6612
266.1884	0.7554
208.898	0.7039
126.4157	1.1421
133.9665	1.8448
135.7339	2.6011
109.1515	3.7304
89.4075	4.9475
72.6245	2.4594
19.4697	1.2064
255.2176	1.8841
231.2141	2.5907
248.8982	3.2468
256.7825	3.444
268.6882	2.1368
197.1642	0.2001
129.5543	1.6269
114.6186	1.6657
122.4815	0.2659
239.5817	0.594
270.3216	2.1677
294.0505	1.9712
253.4321	1.1743
139.0675	2.579
110.3638	3.5721
99.7918	3.0808
107.3918	2.0029
120.79	1.459
132.073	0.6015
181.7279	0.9393
170.0723	1.2203
155.2214	2.1016
161.63	2.7662
165.0222	2.8063
172.2912	2.7318
187.3117	2.4941
201.8091	2.7681
204.3933	2.5939
192.1637	1.8559
190.8806	1.7349
193.9437	1.6507
197.681	1.7094
203.6298	1.7529
202.9888	1.9333
207.6479	2.0503
213.3621	1.9189
237.9829	1.4289
213.054	0.8197
186.1095	1.5138
191.5784	1.6317
191.3209	1.1577
199.5903	1.1462
149.1254	0.4764
151.4849	1.023
162.635	1.1897
161.9427	1.0538
165.8275	1.7214
173.9869	1.7988
155.423	1.9531
147.5272	1.6887
130.0482	2.2404
150.1133	2.2405
147.0033	1.7625
130.4931	2.0683
90.391	2.0261
93.7333	1.7044
62.3373	1.976
72.8486	0.8445
49.4434	0.9917
109.0682	1.2706
54.0739	2.057
85.7352	0.9151
34.8575	0.8464
0.5644	0.613
328.0128	1.0123
302.6262	0.2769
251.219	0.273
228.4704	0.5531
333.0569	0.8243
64.7712	0.1543
165.0262	0.7573
176.2453	0.4118
359.4222	1.1689
22.3205	0.3472
179.0617	0.6527
251.6313	0.8574
312.1631	0.7795
240.529	0.1655
186.173	1.2316
207.1063	0.9149
123.1553	0.1489
161.0491	0.4482
161.2398	1.8278
185.1508	0.6435
99.2248	0.4754
84.5962	0.8123
107.0187	1.4593
82.3544	1.8425
31.3751	1.1464
38.7845	1.0156
112.3965	0.9155
81.7512	1.0926
53.3729	0.895
68.1308	0.8762
123.1173	0.8817
122.7062	1.1284
118.9897	0.7459
130.2712	0.8266
139.6328	1.4732
138.7996	1.5294
53.2299	1.0506
53.5728	0.4467
222.7005	0.1103
309.6012	2.004
311.4288	1.7479
318.0652	1.8307
328.4132	1.7868
330.2494	1.7502
323.3621	1.9649
331.5231	1.8469
335.9249	1.6027
323.8142	1.7353
314.7695	2.6651
334.9577	2.3435
6.0307	1.3263
278.7432	1.8884
226.7261	1.9351
219.7742	1.9927
210.0659	1.9465
193.3217	1.9539
156.9055	2.2047
133.6335	2.9121
114.853	3.7151
105.4294	3.2945
90.6153	2.9214
88.9434	2.7215
94.4876	2.0953
98.782	1.0099
96.6347	1.1208
117.02	0.6248
156.3906	0.5356
232.5056	0.9969
329.0421	1.2001
283.5569	0.4137
227.4768	0.4026
253.4332	1.2929
314.3567	0.9209
228.9094	0.2326
198.5968	1.0739
249.4566	1.4977
287.932	1.3397
241.5916	1.2905
231.2801	2.2999
240.0489	2.6953
251.4478	1.996
213.567	1.645
147.483	2.7468
134.7643	3.9361
116.8119	5.076
105.6469	4.8111
98.8385	3.3783
75.145	1.5252
341.5615	1.7599
333.3213	1.4285
281.9073	2.1235
282.6966	2.0142
297.0038	1.6956
300.721	1.3754
238.7534	1.3195
204.3067	1.7572
167.7045	1.8821
164.6268	3.0711
157.6135	3.7725
161.0167	3.0604
142.667	2.9596
154.6644	3.7494
134.2025	3.7733
119.6569	3.2305
89.787	3.6227
82.4137	3.368
79.9991	3.363
45.1674	2.2446
21.0623	2.5551
39.6426	3.8252
40.9829	3.3221
10.4686	1.8802
354.765	1.6639
54.9378	3.2864
105.1286	2.3836
125.7783	2.5929
110.9077	2.2549
102.601	2.2662
114.4005	1.7088
303.3393	1.5096
295.0468	1.8991
275.1574	1.4077
243.12	1.6706
222.3346	1.776
242.2531	1.4904
232.653	1.2033
220.4733	1.3026
261.8271	1.9417
301.6603	1.954
308.1072	1.5808
291.3216	1.4731
298.2638	1.5606
325.1864	1.0121
107.0578	1.3121
119.6422	1.7735
246.0474	0.0997
333.4092	1.7653
0.9971	2.2473
348.8535	2.3769
330.9738	2.4512
333.7887	2.8489
352.8999	2.522
28.7174	2.4391
36.2525	2.0216
358.7196	3.2791
37.1369	4.175
90.6654	4.5479
93.9144	3.2582
1.9052	2.2798
31.5017	3.4612
84.4469	3.4264
83.8545	1.9196
335.6086	1.7076
356.4262	2.4438
9.5647	2.4836
350.5276	2.3212
338.751	2.1703
336.3413	0.9661
193.1783	1.7628
189.8201	2.4473
194.4322	1.8945
220.2248	1.5557
242.2885	1.8241
272.3876	2.0703
303.3875	2.4093
313.9353	2.278
319.0383	2.2316
322.1859	2.4873
322.3013	2.9162
329.0863	2.8913
328.5853	3.512
332.0447	3.9964
343.8047	4.2522
41.7384	3.8024
113.0567	4.9957
101.3774	4.7412
95.2054	4.9371
107.1293	6.9022
118.4392	5.5098
122.8874	4.3507
123.6099	2.3413
170.0717	0.2598
309.5174	2.5886
299.3421	3.7825
293.2413	4.2385
290.3897	3.8754
290.8186	2.4496
256.5445	1.5228
353.14	0.5421
101.7088	1.943
127.4967	3.2606
124.8055	2.4873
117.6254	1.8917
119.9852	2.5918
120.1055	2.0156
262.8936	1.0468
310.1175	1.4036
275.6305	0.942
246.7342	2.2083
216.1098	2.2505
210.4462	1.9107
194.6692	2.1706
183.9632	3.3067
181.3496	2.5736
170.7857	2.0835
167.0388	2.1671
175.8427	2.7133
179.599	1.4165
140.7677	0.3555
112.3821	1.0842
126.2257	0.7508
226.0368	1.7381
255.2954	0.7841
187.0047	0.961
170.0643	2.0638
163.9153	2.0247
129.863	1.2407
112.8867	1.6246
150.6671	1.5443
202.7058	1.843
256.9827	0.6846
191.6738	1.035
59.3214	0.4537
246.1109	2.0609
287.5869	1.1092
240.678	0.634
147.1661	1.4677
191.8459	1.5941
223.8358	0.1759
198.872	0.7944
268.1719	1.6658
252.8979	2.2999
273.0044	2.656
282.8786	2.269
157.3521	1.4092
123.3062	3.5424
115.3755	3.3933
128.5763	3.5483
136.8661	2.1494
298.392	2.1029
324.8555	2.2353
316.0932	1.1633
205.889	0.5867
227.9993	1.8236
270.8399	1.229
278.0207	0.6996
259.5399	0.9943
273.6586	2.3293
302.3455	3.0835
343.3435	4.1205
3.8572	2.7282
331.5179	2.8347
323.5957	3.118
310.2626	4.3842
307.5954	4.4692
318.9978	4.4735
311.8814	3.5965
325.2067	2.9142
312.6754	2.3212
314.0231	2.5698
332.9815	1.8668
125.9938	1.2841
150.5642	3.9444
152.4121	2.8542
147.2434	1.4966
146.063	0.7369
34.2703	0.704
228.8572	1.9618
291.3509	1.0812
334.5544	0.7821
345.6388	1.2693
303.6588	2.4414
324.0307	2.8928
357.253	3.5774
2.7069	3.5578
358.959	3.0094
350.5208	2.8262
13.8267	3.8499
9.7489	2.7072
350.8707	2.3946
14.1686	1.4706
88.5437	2.0001
134.1921	1.8568
207.9003	1.3447
307.5315	0.8883
326.9061	1.8773
332.1543	3.0031
318.9233	3.8747
324.0605	2.809
36.6719	1.8949
93.4747	3.4073
103.0705	4.255
96.7504	4.1092
109.6731	4.8832
110.6739	2.7744
122.898	1.3595
187.0116	0.122
194.8287	1.1252
222.0691	1.5707
222.1989	2.3283
257.9881	1.6246
269.4417	1.7857
269.419	1.6519
277.6171	2.7857
290.3914	1.8981
293.393	1.7721
219.0744	1.1487
216.7965	2.1702
153.4933	1.848
137.1217	3.8516
114.4552	4.5856
128.0092	3.0364
131.5427	1.7205
9.733	1.3224
340.323	2.8915
335.0236	3.357
356.7851	5.236
350.2116	9.4955
345.1013	8.1025
333.0899	5.0847
325.358	4.7228
312.7827	3.6914
272.8903	1.5494
205.8305	2.617
147.8633	2.8297
148.1218	3.4959
165.1076	3.7197
158.7735	1.9055
160.7387	2.7038
159.347	2.917
154.6195	2.3256
168.3482	1.9065
143.4127	1.1713
146.4298	0.8566
221.6629	1.2237
201.3537	2.9726
194.9216	1.7464
215.3562	2.8492
223.2805	4.2849
216.4142	3.1112
210.0738	4.5696
209.3755	5.5436
197.0672	5.6192
182.0019	3.0443
149.8026	3.1863
144.7296	4.1611
133.5736	4.1438
100.5547	2.1101
5.5502	2.8324
41.0956	3.8943
25.5671	1.5537
227.1648	0.6234
261.7098	1.1212
343.2867	0.6213
274.3705	1.7628
316.5366	4.2539
324.4404	3.09
340.766	5.3208
330.275	3.6059
316.2008	3.9419
305.2472	3.1655
305.3331	3.928
285.4555	3.1036
271.0284	4.2623
276.8039	1.6276
256.7238	1.8331
231.83	2.7606
228.0618	3.2892
217.3343	1.7157
143.2526	0.5602
254.7095	1.1502
307.4623	3.3406
304.6117	3.4811
332.3531	4.5613
328.7235	3.9589
341.5588	3.0019
343.4424	2.9859
13.6478	4.2629
24.9275	1.8551
299.0074	1.4932
266.2457	1.2235
197.7226	0.8874
255.51	1.3058
235.3205	1.6712
251.3563	2.7458
315.7593	1.9454
273.6754	1.6039
308.7563	2.6499
314.6778	4.985
309.1034	5.1085
287.9884	4.8971
279.2769	2.8045
268.4253	3.4827
286.084	5.6347
286.2804	4.202
280.6346	3.9147
315.3679	2.3434
251.0387	1.6075
267.5534	1.5646
280.3746	2.8047
311.3185	2.8993
319.9273	2.7007
304.4329	2.2965
316.089	3.45
343.5948	1.4468
316.288	1.4953
251.2014	1.3396
259.2774	3.0624
264.0168	2.8882
261.0242	2.5398
285.5219	2.2128
320.6457	3.4425
330.9111	3.4257
357.8698	6.1487
32.8524	2.2733
170.0998	5.5001
165.85	4.3312
164.4673	3.1493
166.3843	2.7737
219.0019	2.8011
242.6275	1.3594
224.5154	0.707
118.7339	1.5502
60.9465	2.0597
132.6856	4.3504
145.1749	5.4691
141.633	6.0175
147.4929	4.4441
146.5107	5.3607
152.6947	6.2904
160.4811	5.982
181.248	3.0795
182.4215	3.159
187.1816	3.7748
166.3437	3.5994
14.2418	0.6914
41.5236	1.8368
116.9442	2.3438
144.7471	2.6088
241.2512	1.1765
14.7208	1.7511
75.8165	2.0666
92.8284	2.4005
192.7153	2.6299
170.5314	5.2836
174.2279	7.0523
167.6536	5.8169
158.9454	3.4146
150.5548	3.9344
165.809	4.7415
155.1729	4.418
169.3962	2.1823
255.7427	1.1011
252.8451	1.4151
271.3915	3.2039
234.307	2.6996
246.0847	3.677
276.5609	4.2185
266.2568	4.5467
269.7286	2.5762
282.2538	3.8693
291.3476	4.5731
284.8784	3.4172
246.7334	2.5669
233.8466	2.851
235.4252	3.5382
225.2376	4.6685
224.3505	4.1602
231.4885	3.3253
255.9221	3.4044
287.5343	3.8873
291.1729	2.7721
289.3643	3.097
307.2792	4.7338
310.2387	4.074
298.6422	2.7246
297.2486	2.9532
296.8781	2.4885
335.3386	1.8393
311.9745	2.8379
325.6535	3.7789
15.7393	4.0109
34.5744	4.2541
23.8117	2.9579
41.4239	1.4648
65.9604	2.0287
87.2411	0.462
284.5511	2.9389
314.1724	3.0414
348.9137	4.9921
352.9576	4.123
353.9335	2.4681
352.5121	1.0321
133.2538	1.6921
159.5027	3.8759
183.8297	1.8707
166.1056	2.8794
163.3615	2.7559
180.5265	3.5881
191.6258	2.0264
193.4726	1.755
228.0989	1.7795
247.8906	2.5308
246.9967	2.5248
253.6983	2.3748
281.6433	1.4143
228.4732	1.8102
243.882	2.504
189.6933	0.8295
115.9621	0.465
154.0143	1.7273
231.9739	1.9139
283.0868	2.0024
357.7143	1.9733
333.5946	2.8283
337.3132	2.8767
333.2438	3.2846
17.9854	3.609
32.1393	1.6038
69.6108	3.0622
125.1658	2.7799
170.948	4.5179
176.3631	4.9255
180.4818	2.8456
149.7994	3.0304
155.2508	4.0972
183.78	6.3705
193.5526	3.673
181.219	4.1608
186.5151	2.7656
176.9141	3.0732
242.1253	2.1527
247.0369	0.8658
53.9315	0.9158
170.9638	1.8479
206.0744	3.1191
189.8217	2.9406
183.1476	3.8846
194.8067	4.7904
214.1818	2.2374
214.2251	2.1513
228.6889	2.196
174.0188	2.5844
237.7398	3.2138
257.0669	2.0274
305.1977	1.5206
270.7453	1.9346
289.847	3.5175
288.0481	3.216
310.593	3.629
277.617	2.3788
319.2497	3.4752
323.1398	6.2675
329.0407	5.3563
326.1377	3.5371
319.9401	2.7006
318.1473	3.7983
323.5875	4.1127
320.2539	4.6829
314.3677	4.2867
315.7108	5.8629
326.7408	6.4092
324.9476	4.7698
318.3577	2.8641
312.2164	3.5897
325.0947	2.7625
273.3218	1.7969
328.3652	3.1532
322.3554	2.7565
315.6894	2.4604
267.686	3.1349
305.3339	3.0666
294.1669	1.9226
270.8872	2.7584
319.3859	3.4634
335.7358	2.4547
328.06	4.9023
339.8845	5.9515
351.9103	5.5308
332.8815	3.5806
334.9919	4.9175
343.2139	6.2876
343.463	4.7975
333.538	2.3125
335.6497	2.7931
353.4351	3.4271
359.6959	2.659
354.007	2.5873
332.1622	1.7613
48.1294	0.8862
173.9675	5.4804
160.7252	6.2105
155.8276	5.539
159.2949	6.055
163.0743	5.6371
172.991	2.9056
160.3428	2.9333
164.4946	3.7983
165.0519	4.251
163.765	1.8781
130.6897	2.1453
123.1619	3.2335
118.7143	4.28
82.3945	3.0256
141.93	4.4601
148.73	5.274
156.6749	5.564
164.7657	3.5162
165.2281	3.5863
163.1192	3.8687
175.4823	3.5763
220.2356	2.6804
234.9207	0.9151
257.1767	1.3067
94.0791	0.3086
268.678	2.3034
341.1597	1.9965
20.3534	5.3261
43.3271	6.286
47.4144	3.1045
148.0441	4.5451
137.7819	4.3582
151.6326	3.8206
184.4222	2.9808
174.6448	1.5706
137.219	2.9796
144.4588	3.8468
163.563	2.5833
166.4519	1.9998
177.1755	1.6063
198.5707	4.0298
196.2557	3.1644
194.2567	4.1539
200.6559	5.7137
205.6084	5.7858
204.5734	4.4994
197.6993	2.9586
203.089	3.5539
208.3928	3.283
210.3609	2.972
235.6882	2.3423
271.0878	1.3255
292.6829	3.0783
295.0626	3.5187
298.0516	2.9188
325.9409	5.8985
321.6928	6.6937
321.8979	5.6888
328.404	6.3421
359.9586	8.0969
12.1194	7.7873
346.6483	4.1501
340.0876	4.6261
358.6229	6.79
5.1221	6.1619
3.3226	3.1487
342.7183	2.5278
17.5774	5.1195
77.8473	3.5028
115.9244	2.6819
96.5188	3.2099
85.5562	4.3086
101.1994	3.0506
347.9788	1.8044
326.7811	2.5228
0.7894	3.701
341.9484	4.5727
338.9219	3.6662
338.1154	4.7808
353.0518	7.6874
2.6387	6.6294
32.5362	2.3635
40.5235	0.9564
101.1586	1.3088
139.5777	2.3182
151.8644	3.3646
151.7143	3.0745
163.3583	4.2186
169.8767	3.5252
194.9791	2.0277
239.6876	1.3903
305.559	2.167
301.574	2.6035
296.4842	2.3872
280.5156	2.2405
288.645	3.1216
272.2655	2.2229
274.11	3.2842
277.2131	2.3871
303.0859	3.9911
311.0545	5.3516
301.097	3.7522
291.8187	3.6913
312.0716	3.4994
333.0426	1.0792
44.2835	1.2456
49.5583	1.8325
83.5791	2.2414
70.9488	0.7102
202.2528	0.6936
217.7285	2.0108
160.2853	1.2555
169.2336	1.7915
149.7003	2.5344
148.3059	3.8101
146.9515	4.8379
148.1424	4.2346
137.4604	3.3257
133.4022	3.4977
144.6539	3.5013
154.1768	2.993
196.205	1.8169
249.4044	1.7019
343.2837	2.4957
7.474	2.1974
358.0376	3.3091
352.849	1.535
76.2745	1.8548
148.2039	2.3375
164.8841	1.643
140.7274	1.1058
130.4679	2.2917
134.6663	2.2512
85.7695	3.0588
126.3639	1.5786
153.9295	2.3558
228.0945	2.3159
263.1974	3.0107
264.4763	2.8677
289.9006	1.6432
263.8515	1.2879
272.0194	3.1023
290.1789	2.4014
305.446	1.36
283.9419	1.1496
305.0437	3.5833
299.4805	2.9139
307.7022	1.6361
278.4526	1.3317
317.667	3.1886
332.7401	2.8888
347.422	1.7589
16.519	1.0016
275.4005	1.4653
246.5125	2.1038
261.8226	1.3399
216.1805	0.9386
236.6163	2.5797
223.0659	2.5038
233.3956	2.4377
223.2685	3.604
224.5476	2.2302
222.1681	2.2123
216.6966	3.1809
209.7635	4.5816
207.3291	2.9474
200.472	2.2837
206.9656	3.4974
194.9291	2.8276
165.8704	3.0462
151.4898	1.8464
180.7771	3.2503
157.5122	2.7878
147.1268	2.2653
134.0468	1.8318
211.2022	0.306
257.5709	0.7904
267.0689	2.0115
280.1631	2.8495
281.4341	2.1544
260.9256	1.983
267.1037	2.6465
261.0114	2.2825
254.3962	2.3936
216.9646	1.6037
214.4758	2.2248
218.2281	2.3976
217.0969	2.114
194.4286	1.2127
215.6202	1.2645
209.1128	2.8412
215.8652	2.6725
202.3432	1.7823
203.3919	2.507
193.9855	2.0253
194.7946	1.9867
180.3173	1.8955
167.6269	1.0144
90.4203	0.3347
36.4879	1.0893
66.832	0.581
198.7829	0.8911
292.3041	1.1596
314.6017	1.9955
305.2206	2.4865
317.1787	3.1698
320.2544	3.6247
327.4893	4.3082
330.3098	4.5872
336.6246	4.9427
334.2906	5.0142
335.8001	5.595
330.9988	3.9366
334.5353	3.7883
325.2534	2.9584
329.2477	3.8513
321.3761	2.758
321.514	3.4928
319.178	3.3188
343.4818	1.8079
29.3984	1.8022
69.3832	2.4937
93.8066	1.4122
116.742	0.9189
173.5778	1.807
199.8057	1.6924
215.7151	1.4665
250.1438	1.8056
248.4902	1.265
284.9384	1.4703
307.4437	1.4111
359.3043	2.4389
320.1171	1.3895
336.965	1.6444
311.0573	1.7589
288.1351	1.5987
284.3593	2.2187
311.5158	1.9552
348.5742	1.7053
40.8678	1.8508
63.7939	1.9075
70.2011	1.7396
94.5312	1.9148
121.9165	3.2318
137.2868	1.674
154.5213	1.8578
163.0863	1.6218
184.5868	1.6206
182.6471	1.7208
198.0224	1.071
203.7225	0.7267
254.5403	1.3903
260.3449	1.5877
274.107	1.9891
275.3772	2.2518
280.5358	2.6574
277.2415	2.6974
275.8446	2.653
271.7192	2.1276
278.2779	2.2623
264.851	1.9534
275.811	2.0457
265.1195	1.4343
244.2833	1.0308
190.6082	1.8253
191.8655	1.3226
172.0442	1.242
198.8591	2.2831
171.5668	1.6389
200.1086	1.4102
199.6923	1.4748
180.1908	1.1348
188.2318	1.7911
206.612	1.3834
195.2402	1.2567
185.1894	1.0958
150.7728	2.0018
124.2247	2.5913
90.741	3.0037
72.9738	3.0665
55.3262	2.3156
13.7311	1.7582
301.3734	1.344
225.8484	2.0065
184.9088	2.1878
167.7578	3.602
129.3155	4.9152
110.8688	5.7933
86.1026	5.1172
72.6476	4.3408
55.1644	2.916
1.3628	1.7312
311.0638	2.0989
284.3264	3.4238
230.3149	0.6582
80.4228	4.0024
102.7085	1.4172
204.6415	1.547
204.1938	2.8353
169.6531	1.9697
123.9735	2.5198
109.9596	1.9851
296.7325	1.3655
285.8418	3.3511
294.0574	3.1121
334.5584	1.4142
341.4455	1.112
18.9014	1.4574
75.4283	3.1259
94.9815	3.8599
89.2583	3.0233
91.3287	1.339
268.7219	1.6251
275.1136	3.0383
269.3333	3.562
276.9627	3.1989
278.2007	2.5978
203.4416	0.1121
80.8874	3.2917
76.2226	3.5738
60.4869	1.9942
289.6697	0.5014
242.773	2.077
259.566	2.9954
278.6196	3.7104
284.2124	4.4314
285.4216	3.7444
295.428	3.0227
294.8349	2.3544
297.3732	1.3253
277.0344	0.8847
267.3698	0.4996
230.2185	0.6665
168.6503	0.8787
149.2042	0.9973
154.8514	2.0265
151.0471	2.6942
152.7482	2.5955
164.6043	1.2849
147.4135	1.7112
136.6509	0.7514
88.5228	0.9635
44.9247	1.2645
356.5393	2.8445
311.5015	1.6488
312.3691	1.9679
296.4752	2.6555
299.9849	3.5917
306.9426	4.2641
307.4716	4.9165
310.0527	4.7365
317.4056	5.0477
314.0326	4.6146
315.1243	4.7793
312.5168	3.3412
301.5946	1.9638
229.2263	0.9172
169.6678	1.1644
243.1661	0.7663
241.1973	1.3525
233.706	1.9045
239.8223	2.1295
196.1231	0.9486
269.9133	0.978
289.5486	0.2442
205.3196	1.0056
208.6488	1.2187
212.339	1.1985
232.0096	0.6929
250.0295	0.9348
222.9425	0.8778
193.1632	2.1868
204.8193	2.9196
226.0378	4.1576
214.3328	3.658
225.3489	3.7821
201.7453	2.628
228.8454	2.6052
229.4677	1.4972
264.6399	1.0871
281.6687	0.9646
310.8505	0.0986
344.3843	0.9795
341.5131	1.4117
356.6384	1.2585
10.4488	1.3624
353.5819	1.5546
355.7684	1.4272
340.2123	1.3016
334.8553	1.3982
325.5736	1.2355
341.9623	0.8524
184.944	1.0151
159.4268	1.4273
137.4122	2.3843
121.053	2.3014
83.8693	2.3623
62.824	2.3515
35.6921	2.3006
29.41	2.3056
0.1991	1.6631
359.0212	1.2496
15.4472	1.5795
21.6341	1.1376
32.3616	1.5461
13.8676	2.5949
13.8243	3.5511
16.5351	4.7443
10.7402	4.6447
0.4884	4.6181
346.8961	3.6141
337.1569	1.6615
97.8432	1.0871
139.4212	2.2445
146.1138	4.5694
139.5634	2.9497
123.4236	3.2187
111.2623	3.4196
87.5455	3.4176
69.2969	2.6299
23.2849	2.2308
39.1363	1.0722
103.6709	1.6161
125.0728	2.7739
109.9036	2.8791
75.982	2.4714
22.0716	2.3798
350.262	2.4051
327.2552	2.5293
329.2068	2.1637
329.2322	2.1401
334.9596	1.6484
340.671	1.6154
351.6159	1.4328
354.234	1.5034
346.0552	1.5991
348.0313	1.7349
337.4165	1.8269
334.2047	1.7429
328.6026	1.854
302.0706	1.4218
275.2894	1.1682
230.6703	0.9354
209.2674	1.0889
160.3723	1.2224
146.873	1.2123
82.3965	1.7618
55.7429	1.1501
352.0439	0.5723
358.561	0.7574
338.0651	0.7252
322.0044	0.3247
296.9365	0.3166
27.1697	0.1196
30.4424	0.6574
47.5691	0.9301
59.6914	1.7825
47.7411	1.6739
29.4012	1.58
9.7178	1.5235
348.7318	1.713
339.3475	1.8075
332.3245	1.8203
313.338	1.5919
307.2277	0.7124
314.661	0.7361
208.9446	0.406
210.6178	0.5507
183.9493	1.274
197.5713	1.2183
200.8764	1.5077
186.7012	1.901
134.3541	1.5935
120.5532	2.2087
131.0875	2.7437
124.1298	3.0169
93.3588	2.9423
83.006	2.224
69.1215	1.2914
72.7632	1.5235
54.1637	1.4781
21.4117	1.0922
333.505	0.9165
229.465	1.5411
238.41	1.8351
227.6026	2.0772
231.1096	1.703
216.4824	1.2703
174.934	1.7828
174.9269	3.2791
201.6153	4.4532
223.9266	4.3916
246.387	3.4082
253.7387	3.3216
204.2626	1.3848
119.1789	2.4916
77.0368	2.6904
73.4467	2.2107
50.4399	1.5966
16.1644	2.2136
349.4489	2.0833
335.1467	1.8887
315.0688	1.3592
292.3403	0.8107
333.9837	0.1712
195.4954	0.8448
161.2418	1.869
141.2733	2.2789
141.8288	2.0138
135.7087	1.8818
117.7104	1.1324
134.1243	1.7046
144.0556	2.3469
154.106	1.7909
212.8531	2.44
223.9026	3.6823
211.1661	4.5042
218.2142	4.3449
223.2638	4.2003
239.6864	3.662
240.2909	2.4714
239.9077	2.3728
299.2809	1.0659
349.6551	0.9217
10.8412	1.2834
22.1238	1.1685
6.1091	0.8311
53.3812	0.5869
19.2867	0.8325
16.5716	0.8717
31.0391	1.6331
27.6405	1.2443
64.1627	1.2775
107.5166	1.4126
83.4615	2.1727
40.773	1.9022
349.2419	1.8347
330.1949	1.5601
304.5838	0.6815
153.7177	1.0551
121.6912	1.5064
111.0344	2.1876
104.5267	2.2003
92.4295	1.1004
15.8212	1.1214
34.529	0.5302
98.4853	1.3357
57.3692	0.8517
46.9635	1.4695
71.4509	1.5346
104.2963	1.8415
85.4191	1.4339
357.8221	1.3775
329.9069	1.3487
319.7011	1.4031
309.8949	1.1933
322.8206	1.14
307.5771	0.9566
332.602	1.0962
321.1951	1.4357
310.0197	1.5014
330.8849	1.3357
348.7345	1.437
1.6801	1.6599
340.4129	1.9787
324.3065	2.0934
318.8247	2.4771
312.2871	2.0439
318.1898	2.2064
322.5911	1.9939
319.9263	2.6332
312.9793	2.5382
310.2763	2.9852
343.9206	1.8167
41.954	1.2978
102.7876	1.0431
358.157	0.8646
68.2013	0.1273
341.0572	0.973
316.9138	1.1458
312.3289	1.5158
303.642	1.6483
304.8991	1.7642
307.9565	1.743
326.5955	1.7201
351.97	1.2976
335.3028	1.4275
