307.3766	2.0513
292.269	2.6138
320.3599	3.2019
319.0804	2.9616
352.6457	3.2023
340.7747	3.5366
354.853	4.2553
343.8668	3.754
1.0227	4.0002
335.45	1.6805
8.2767	4.4712
90.2986	3.1517
119.0126	3.0633
161.3205	1.295
255.121	1.5925
299.8737	2.2952
320.254	2.1397
326.8732	0.9604
22.2502	0.6437
309.8807	0.0935
347.3603	1.2499
292.5505	1.7762
303.0981	1.6377
321.3327	1.3094
65.8282	1.2993
107.5279	2.2792
94.8313	2.5329
90.0995	1.9757
68.3387	1.2204
315.4758	1.8505
289.7856	1.9567
305.5759	1.6433
358.4908	0.634
14.0997	0.5338
356.1301	0.7335
318.3013	0.4232
334.3129	0.7573
256.0246	0.8255
151.1518	0.6342
154.1242	1.4328
242.0437	1.3207
246.0988	1.9452
266.2437	1.6196
303.2903	1.7779
322.2426	1.6765
285.6216	1.7007
295.3885	2.8513
310.8214	3.661
318.8073	3.7343
330.7662	4.217
338.8187	4.4657
339.8763	4.2288
352.4909	4.7221
348.07	3.4802
346.4655	3.6767
340.178	2.04
4.4656	0.343
160.0948	2.32
160.6665	2.5583
174.2147	2.1282
181.4501	1.844
190.2493	1.5458
165.0068	0.7863
123.0262	1.2123
118.1514	1.5003
126.3555	1.6419
140.4593	1.0443
70.0299	0.4932
309.2618	0.5968
277.8647	0.6256
288.0266	0.8467
298.7895	0.8126
277.1865	0.8998
298.7971	0.6903
299.1309	1.151
311.7075	1.2104
308.3986	1.4147
306.4463	1.5087
311.6609	1.6255
332.1697	1.5786
337.4755	1.327
327.2897	0.9918
344.903	0.9896
58.9501	0.4564
104.9704	0.6762
131.5689	1.9522
88.1229	1.9982
50.7455	2.046
4.9783	2.3739
356.2413	3.1395
345.9041	3.3432
337.1618	3.065
322.8611	2.7885
311.0359	2.0823
291.8846	0.6873
175.3583	0.7897
110.8636	1.3745
52.6795	1.4558
86.8275	1.8755
108.9842	2.7073
104.9878	2.4708
27.0675	1.825
343.8616	2.67
343.234	2.5503
336.8435	2.0265
295.968	1.0778
199.1546	1.3926
172.4889	1.902
166.0289	2.1983
132.9875	2.7065
99.1107	2.8165
36.739	1.3317
352.7669	1.5546
344.3705	1.0717
315.6217	0.7689
320.597	1.6498
285.6237	1.2927
235.6587	1.0693
211.9348	0.9229
203.9469	0.8399
0.086	0.4082
98.2244	0.2329
113.0142	1.1956
110.2205	1.4304
112.8887	1.5226
94.7789	1.5154
80.5846	1.5302
34.217	1.4961
13.8726	1.3516
338.4956	0.9441
217.8623	1.09
191.1325	1.4513
193.5529	1.4614
202.0355	1.5642
217.1355	1.0098
195.8692	0.9369
163.9186	1.3285
172.4633	1.4859
152.454	1.27
168.2956	0.7697
113.5432	0.8407
74.6097	1.4171
54.9401	1.3159
33.0714	0.9769
98.0959	0.5619
84.1498	1.1841
109.2296	0.9151
67.9331	1.7734
95.4338	1.6283
125.3276	1.2376
145.8231	1.3964
132.7082	1.1255
123.982	1.4246
76.4041	2.2716
62.5357	1.8743
50.75	1.5958
48.8297	1.9094
43.8809	1.646
49.192	1.6484
30.2173	1.5084
16.8644	1.3807
55.4278	0.5351
146.7109	0.8215
94.2934	1.0354
97.3484	1.2843
67.4083	1.6843
32.8841	1.2963
3.0958	1.3795
354.7389	1.9148
344.6027	1.5302
331.9581	0.6444
135.19	0.5947
132.3606	1.0501
156.9859	1.1203
156.1039	1.1246
156.9374	0.847
139.0531	0.6356
148.6402	0.5934
151.2618	0.7095
139.7	0.8753
132.0018	2.3339
133.6917	1.8606
109.4641	1.4778
37.2382	1.4184
355.0065	1.7738
337.9538	1.7459
333.5961	1.5172
351.1109	1.7014
5.8943	3.2588
14.8099	1.848
6.7118	1.9262
2.3125	1.7311
349.2018	2.1148
325.5063	1.9674
325.5895	2.0922
331.4112	2.4568
339.7289	2.758
332.9063	2.5218
330.8411	2.265
324.6358	2.229
326.3601	2.4589
313.5063	1.949
309.8724	1.7032
317.1786	1.5422
338.1035	1.7143
323.4071	1.6432
317.5484	1.9083
312.2199	2.2409
313.7568	2.3023
317.4059	2.3421
312.9843	2.496
317.2122	2.3366
331.4986	1.9202
325.6008	1.8738
334.1371	1.295
42.917	0.8405
96.0083	1.1813
91.9218	1.5459
87.7046	1.5207
50.2014	1.2012
62.0867	0.9269
139.3299	1.3591
170.5535	1.6817
171.5764	1.9283
163.8958	1.4104
141.6794	1.9426
46.4056	0.4271
12.7295	1.7017
348.8077	1.4383
298.4315	0.9059
217.5183	0.2976
138.4364	1.1905
135.4854	1.6967
141.5074	2.3947
143.0437	2.3984
148.3018	2.3947
147.4972	2.3195
141.2405	2.5587
144.9597	1.3555
63.3102	0.9436
63.7262	0.9898
54.4156	0.7295
30.4068	1.1522
326.5939	0.9674
314.2776	0.8514
270.9537	0.7505
276.4521	0.9237
265.3058	0.7566
253.9088	0.2457
206.3839	0.9189
165.0683	0.5759
79.7252	1.2832
45.1576	1.1996
51.893	1.0685
1.6227	1.6183
344.5438	1.8037
341.1067	1.5531
325.8579	1.5631
320.5913	1.7277
313.7354	1.3439
291.9396	1.3953
249.382	1.5341
287.4171	1.0589
300.8694	1.1129
305.0753	0.4068
257.8781	1.0902
264.492	0.9125
248.1609	0.6128
230.9193	0.1833
174.2065	1.5263
161.7936	1.5011
167.5002	1.0306
176.9156	0.9236
176.2608	1.2652
235.3792	0.6334
330.2057	1.0017
228.6006	0.1118
142.9116	2.3268
154.6661	1.9407
159.8707	1.7727
160.3636	1.1166
166.4924	1.9714
184.6527	1.8365
192.6938	1.7008
157.8618	1.5661
161.0297	2.7969
180.4361	2.3293
195.6023	2.5442
208.2008	2.5917
205.8314	2.9448
217.8762	2.4956
213.11	2.3556
233.1967	1.8964
217.1285	2.1035
248.3494	2.0921
280.8692	1.4034
297.9296	1.0762
275.7212	1.227
252.083	0.8212
221.7052	0.5769
281.3827	0.2329
179.687	1.0581
186.0957	1.1207
159.079	1.121
20.9503	0.9013
345.8536	0.7078
296.5784	1.6459
251.9518	1.7908
249.3431	1.0993
177.4053	1.9595
149.4224	1.9661
133.335	1.4188
123.9495	1.2122
137.6085	2.4208
158.7506	2.3733
170.6936	2.1525
165.7521	1.5151
159.8484	2.001
152.8508	1.5583
142.4516	1.2715
119.0726	1.2862
137.4662	1.8399
138.9923	1.016
103.0946	1.1194
109.8893	0.6891
162.7892	1.0394
211.5624	0.8685
213.384	0.3567
100.2798	0.5145
159.9355	1.3143
189.4089	0.4119
322.6875	1.1902
321.3845	0.5649
270.1135	1.2211
296.4228	1.7637
302.4205	1.6627
289.3834	1.2594
290.4196	1.4951
303.801	1.4546
317.1602	1.1226
89.4451	0.1156
168.9571	1.0552
226.2656	0.9266
271.351	0.3782
240.2212	0.2496
188.8657	1.2801
250.0886	1.5862
255.7546	1.4334
229.1901	0.7972
178.5743	1.468
195.9831	1.4839
240.9647	1.0876
169.654	0.3443
143.882	1.3746
308.3262	1.0303
318.402	1.7342
301.761	0.504
320.0005	0.9448
311.8124	2.054
323.5533	1.8094
329.4711	1.7565
331.8858	2.468
323.3272	2.2899
321.7689	2.2413
327.8878	1.642
341.1633	0.4166
145.6928	0.8408
79.3389	1.3198
111.9373	1.6069
130.9921	1.7587
166.3256	1.1271
258.8583	0.6332
301.3384	0.7712
259.8513	1.3306
290.7023	2.0831
294.0818	2.1519
301.1535	2.1439
293.4252	2.2602
296.9198	2.1124
304.8704	1.579
252.9826	0.7156
179.2337	1.6685
207.7275	1.7967
207.7377	1.6173
212.2829	2.0033
190.9054	3.154
210.0148	2.9339
209.1239	2.3412
249.5662	2.6455
259.2647	1.6965
250.9005	2.069
271.2717	1.939
280.5985	1.3469
258.5101	1.283
253.5604	1.7217
288.3072	1.5573
272.1213	0.8729
230.0243	1.0952
214.7557	1.3136
270.459	1.032
13.6539	0.378
122.6655	0.9846
173.9919	1.4325
159.336	1.7105
147.7839	1.4884
156.9799	1.9677
152.4303	1.9645
114.5131	1.2957
105.4674	2.0231
97.2906	2.2546
105.9796	1.3615
43.7596	1.5055
77.8075	2.2761
91.7755	2.0718
72.1805	0.9773
355.8402	1.1313
134.4464	0.9566
173.6704	1.9506
178.1107	1.5545
171.8494	1.925
185.4397	1.8822
199.143	2.0748
225.6502	1.2962
232.6382	1.9482
242.867	2.5731
212.8889	2.7022
180.4984	3.0481
164.0766	3.8612
192.8812	5.9261
195.7496	4.9537
194.6992	3.6385
189.3618	3.5379
206.217	5.146
199.3257	4.8211
209.4941	4.245
197.277	2.9442
220.0053	3.9812
228.3401	2.7728
214.7225	1.9547
237.2327	0.9849
213.6195	0.5406
212.0343	1.1386
185.6637	1.4362
192.2037	0.7023
127.6236	1.497
120.243	1.8602
104.3684	1.4973
49.7373	1.9831
86.0155	2.63
117.0442	2.3093
144.5241	1.2858
132.0637	1.2428
154.58	2.1814
159.5433	3.1404
156.2145	2.1903
141.8995	2.4533
141.0304	3.2483
142.8207	3.5767
133.86	2.4617
108.1577	2.6499
108.9957	2.546
131.752	2.3594
117.8934	1.2436
88.7125	1.279
124.0113	2.0375
164.8367	2.9081
169.9007	2.321
164.0848	2.1626
168.8503	3.1655
167.3553	3.816
166.7996	2.5606
159.1001	1.7956
168.8021	2.1157
182.8435	2.2843
200.628	1.3938
248.7117	0.9312
210.797	0.8263
174.6468	2.0003
175.5608	1.5166
173.0832	1.2086
189.8438	1.225
222.7252	2.0012
211.2209	1.7278
240.3039	1.4617
238.2527	1.0705
224.3841	1.7897
197.623	1.6901
201.8051	0.9227
170.1282	1.5572
195.4901	2.6685
184.5396	2.3359
182.4952	1.695
185.7582	2.3371
165.4824	2.4883
156.3805	2.101
147.0125	1.9684
168.5972	2.401
185.8089	2.2632
190.3085	1.5933
253.6304	0.9391
246.8237	0.6106
269.4891	1.4049
241.0955	1.9512
285.7976	2.2646
289.236	2.3605
291.4792	3.2348
309.8433	4.3647
313.1259	4.4681
320.2885	5.6017
323.6188	5.2561
325.9716	4.5786
321.8979	4.28
327.1671	5.1273
333.5864	4.5866
322.7283	3.9114
315.2135	3.8549
330.1141	4.0243
344.1083	3.3717
322.651	3.1805
336.5507	3.3751
345.7564	4.1734
339.5111	3.3602
323.975	2.8876
321.2932	2.8245
321.7636	2.7474
286.422	2.6577
269.515	2.6315
285.5047	2.6989
285.8555	2.8131
286.9887	2.9552
323.1303	4.3074
326.1222	3.7804
332.8963	3.9663
331.9112	2.6939
287.5974	2.6099
287.0341	1.2982
240.3685	1.2096
294.5623	1.0478
314.488	2.9292
319.9795	3.3147
340.5645	4.0146
343.4624	2.5083
344.1663	2.3592
353.6762	1.5448
30.9006	1.0476
252.0863	1.001
298.1328	2.6037
303.1343	1.3413
335.3195	1.1877
287.4207	1.1715
284.3938	2.6631
286.4542	2.3969
274.0093	2.5998
259.2736	2.9827
282.605	3.519
273.4519	2.7977
287.6732	3.146
263.499	2.9202
304.3279	3.7442
316.4662	3.0013
328.6546	2.9171
281.6853	1.921
255.7069	2.2644
194.6915	0.7392
176.8252	1.9563
190.1401	3.8588
205.5847	3.2752
209.3905	2.0281
219.7342	2.5311
198.6984	3.0531
194.8269	2.3842
59.2361	0.3293
84.7497	2.196
71.428	1.5032
24.8536	4.0018
110.4603	3.6954
124.5458	3.8634
132.9077	3.5629
146.787	1.0605
156.8133	1.8368
146.7114	4.0901
132.1258	3.8847
135.6269	1.0194
40.8006	1.0724
90.2477	2.7477
346.7112	1.3787
329.788	3.3206
315.4221	1.8914
309.4414	2.6296
337.7034	1.8737
97.7988	2.9011
103.988	4.3157
93.1144	3.7232
78.561	2.5893
222.316	1.8634
216.8283	1.9536
182.3866	3.4285
164.1871	3.952
183.8296	1.5226
306.34	1.3431
292.9362	1.2468
237.2085	2.3395
216.4696	2.0887
216.1529	1.2847
194.005	1.9361
204.0773	3.7968
210.9762	2.3741
196.1385	3.4618
180.6952	4.7194
182.8208	4.77
162.2766	2.2382
164.3217	1.5414
151.4551	2.0039
178.8536	2.7681
174.8164	2.2686
170.8314	2.4699
177.6773	3.8654
178.0532	4.0562
171.9748	3.2225
164.8727	3.0426
162.9427	3.2908
168.468	2.6329
176.8509	1.4079
210.1905	1.2749
187.0455	0.2857
291.9782	1.3461
223.5681	2.4783
221.9659	1.7473
208.0587	3.1376
201.3272	4.2093
195.053	3.161
184.5358	2.6058
186.0393	2.9212
181.7726	2.6778
214.7225	2.1579
261.2214	0.8294
56.0722	0.8554
180.3275	0.7062
284.4298	1.8547
305.9978	0.7758
347.7779	1.7568
324.0531	1.0662
310.2716	3.2112
323.7141	1.6089
153.2995	2.3461
183.911	4.5779
187.4113	1.8279
197.2585	1.6725
232.894	0.4796
175.0352	1.5654
165.7927	4.5562
164.0141	5.0491
146.9926	5.8814
148.2305	5.6917
102.5069	1.5537
34.7314	5.0735
54.0633	7.5556
79.0897	7.2486
79.3129	3.9606
84.6764	4.5997
115.0616	5.3599
130.6889	5.4805
133.9998	4.3372
132.7088	4.3222
142.1012	5.9547
154.7437	5.2239
158.8595	1.7295
165.8448	2.1766
137.2262	1.9156
84.1976	1.0074
339.6485	1.9416
355.4195	2.1404
41.0743	4.0116
74.9914	2.7069
48.2538	3.8163
121.3211	3.6044
163.2215	3.4567
209.2683	3.0515
264.8205	2.1543
245.8191	1.8574
161.1402	1.0313
182.8622	2.0107
138.8807	1.6866
149.3663	4.7499
174.0357	4.9387
212.2705	4.0324
240.3835	2.3476
271.2849	3.2523
293.2377	3.1775
287.0042	3.077
282.1935	3.2174
304.9424	2.2785
315.8618	0.6988
231.6059	1.9711
238.8298	2.5114
222.1415	2.2316
244.2623	1.3315
204.8352	1.3518
168.1754	0.2677
28.4211	1.2725
148.213	3.3117
165.9394	5.6141
171.6124	4.641
176.3392	3.8616
183.2496	4.0591
187.2235	4.6222
187.3394	3.9812
176.5284	3.1886
174.8353	2.8653
199.7282	3.5172
212.6949	3.0307
225.1414	2.1593
227.2924	2.2753
219.6503	3.7413
202.5622	2.1665
198.7757	2.6156
194.6779	3.144
198.7184	4.3396
202.7787	3.0485
206.23	1.7581
194.4584	0.787
197.4385	2.717
215.9464	2.1378
269.1871	0.6768
23.9306	0.8142
242.8419	1.0995
229.2631	2.3344
171.6991	3.0947
156.5391	5.4025
161.6583	5.0222
195.2963	2.2403
238.4383	2.5213
251.8346	2.4758
164.8184	3.3161
159.6815	2.64
150.3633	1.9254
219.374	0.3151
272.1866	0.8554
233.7599	2.5912
257.4237	2.9585
328.5762	1.366
252.7179	1.3776
181.3022	1.8488
168.1982	4.491
169.9741	5.2538
175.1215	3.8896
200.7918	2.2617
271.1213	1.3025
309.5361	1.6336
317.8927	1.9102
316.5146	3.9474
314.4171	2.7871
334.515	2.9395
333.1169	0.9648
193.6323	3.584
192.9816	3.39
202.3893	2.7338
205.6621	2.2608
220.7057	1.485
260.7334	0.4208
95.5246	1.3485
133.8645	1.369
196.8377	2.4346
198.698	2.9927
208.1352	3.3653
212.8134	4.5313
223.3578	2.0085
232.7826	2.9232
238.0108	2.4666
266.3431	1.6228
274.1942	2.2189
336.2966	0.5197
72.8691	1.0242
163.3571	0.6778
251.5464	2.6551
261.4032	2.1466
70.4987	0.8686
115.6976	0.9138
171.6513	1.2373
158.2684	2.3189
179.0094	3.7864
189.6122	5.034
192.5987	4.0124
193.095	4.474
184.3629	5.0113
184.6184	5.1806
181.5135	2.9014
157.1123	3.3116
150.1177	4.6272
163.2195	3.7954
174.147	2.77
192.0293	2.8234
255.98	3.3859
266.2048	3.2475
236.8522	2.6375
261.365	2.8579
271.6579	3.6325
286.1357	2.7913
267.0321	2.7584
281.7343	2.0377
292.1639	3.1165
307.4454	3.0704
337.6858	3.6455
338.5733	2.0909
335.1906	3.4305
332.8246	2.8541
341.7083	3.3672
333.2469	2.4068
339.82	4.4744
348.9288	3.7894
326.3489	3.0545
328.1798	2.9775
340.7942	3.4976
341.579	3.2937
332.4133	2.8824
329.2663	1.4264
325.867	2.2973
308.2032	2.3361
229.2837	1.6844
173.1056	3.2377
172.1669	3.0678
187.5359	4.6956
195.3276	2.4704
185.9037	2.2596
173.15	1.6145
191.8087	2.2568
230.2519	2.9867
271.6101	2.2138
315.7761	2.6209
313.9941	2.5291
324.3456	2.547
332.3926	2.9467
9.0784	3.796
16.342	3.8081
335.3932	2.0429
89.2752	4.0697
95.121	4.8872
63.8579	3.1013
342.5892	3.2651
322.2733	2.3389
4.8012	0.6493
188.69	1.6443
205.6278	2.5419
176.7977	2.1522
167.3304	4.7745
170.9208	5.5278
168.3278	2.6949
160.2057	1.8846
141.0173	2.435
122.0175	1.6348
28.2782	0.9834
42.2732	1.2038
161.553	1.7573
219.0141	2.8903
250.5253	2.6563
256.3562	3.0684
249.678	5.6448
244.6195	5.6843
231.8574	4.3258
210.461	3.3434
208.3173	3.7387
204.7798	4.553
205.1364	3.795
206.6989	3.7994
203.0026	3.7239
184.9481	3.3356
187.7896	2.6526
90.6001	1.2891
156.6603	2.1111
167.6188	4.1634
197.6524	2.4116
178.4606	2.0424
163.3901	3.8839
178.605	5.777
195.7255	4.5484
181.7129	3.7046
158.6211	4.441
158.4207	5.5544
151.8341	4.5254
152.5188	4.0681
163.6655	3.7179
146.8077	4.2394
175.2761	1.8269
162.3787	2.1057
181.6017	2.714
199.7342	3.0686
231.2058	2.2754
239.0926	1.6659
220.8123	2.3794
200.1238	3.4254
183.1975	2.4022
183.805	2.9456
193.2861	2.9011
214.9131	3.4174
214.7143	2.0549
223.9608	1.423
226.2178	1.0376
202.1953	1.1986
210.062	2.2809
207.3027	2.0128
174.1136	0.5199
153.7406	1.31
251.9386	2.4686
278.2928	1.3797
354.2183	1.6122
340.5263	0.9607
315.5929	2.5891
303.107	1.2632
9.8563	2.2674
19.0547	1.5869
343.3988	3.5334
326.0309	3.3331
344.5831	6.9336
14.0387	5.3308
75.1346	5.3794
128.9015	5.5427
128.2255	2.7813
290.4573	1.6524
305.5855	3.7469
322.3876	5.5777
2.179	5.5948
22.8162	5.6046
26.1626	4.3291
42.6524	4.456
71.3361	5.8376
78.9228	4.829
86.6649	2.9179
79.366	4.8147
96.7343	5.8037
119.0218	4.3296
331.2339	1.1325
327.8601	2.088
4.1211	3.0786
52.3518	1.0828
160.3126	2.6981
181.6169	4.3731
205.0892	4.2513
224.8851	3.9299
238.3093	2.3927
260.4877	2.0557
298.415	2.5807
341.6999	2.2681
327.8637	2.8983
342.2371	2.3124
7.118	4.0267
40.2418	2.5972
149.0323	3.1226
152.4021	5.4972
162.6604	4.9032
174.9661	4.0967
143.6194	1.4963
153.7204	1.5378
147.8709	2.6292
114.1926	3.6104
59.6335	2.1644
63.8483	3.4069
82.0086	5.7434
102.5206	4.3233
96.6227	2.5991
57.7462	2.2238
74.568	3.6577
73.874	3.2012
207.1609	0.4508
179.4494	1.0855
191.6529	5.2373
189.2789	7.5076
176.6188	4.6667
150.677	4.7316
160.5828	4.7469
147.1995	4.3195
128.67	2.6321
82.6787	2.199
93.3405	2.8413
64.1317	2.9055
25.1327	2.4985
77.9129	3.1568
130.0278	3.5508
134.4663	3.9996
144.1908	2.1766
119.7336	2.4695
103.7255	1.9412
64.4198	2.9036
18.8605	4.7299
19.4813	4.1029
50.8304	4.5241
82.8354	3.8751
105.209	2.8308
98.3955	2.2823
104.0952	3.7205
41.1144	2.5775
342.7789	3.1141
4.2449	3.516
87.2835	5.5014
128.1015	6.2011
130.3176	4.0072
75.7863	2.933
56.5456	6.4182
46.445	5.3556
75.8871	2.4458
158.5334	1.1827
77.2744	1.278
108.0312	2.8768
63.5998	1.6606
90.6562	3.5054
156.7601	5.8942
160.7716	4.9847
118.7818	1.7516
92.0125	2.1147
97.8773	4.9302
89.5562	5.053
66.0952	3.1179
79.3466	2.9307
108.4464	6.206
107.3201	6.0306
92.9021	4.8809
101.6885	5.6047
110.602	6.4348
109.4762	5.5407
102.1463	5.032
123.8376	6.0805
135.9359	6.277
114.3269	5.319
117.195	3.9434
106.2509	3.3805
103.8365	2.589
58.6346	0.9429
350.5382	3.0577
340.0334	3.6086
358.2119	3.6482
3.9787	2.6599
11.6453	3.3896
48.7578	3.0762
99.1905	2.4057
166.7615	0.8093
228.265	2.1913
222.1393	2.8585
250.272	1.8371
292.34	1.2202
310.6043	3.6092
324.9639	2.0645
19.0662	3.8123
13.2322	2.5072
337.0564	0.4292
308.7975	1.6026
308.3264	1.9603
320.2864	2.3288
334.229	3.9055
0.7472	4.0688
20.7395	2.7529
92.4552	2.5224
159.0132	3.0414
169.7996	3.9846
200.373	2.8368
204.8693	3.2126
222.3216	1.7941
225.4162	2.1545
252.587	2.7356
257.3642	2.2006
266.0804	1.6378
290.4555	1.8562
333.4657	0.8297
333.633	1.8671
348.061	1.5743
4.8211	1.8578
51.793	1.1959
125.5082	1.574
132.3772	1.1895
157.8746	1.1163
110.3677	0.5532
192.6434	0.7255
180.0123	0.7582
215.4613	0.7502
293.6629	0.8148
159.8162	1.7591
147.9017	3.0962
151.4741	1.7032
270.6173	0.6166
326.8769	1.6064
15.7208	1.1627
81.1631	2.355
41.2838	5.1997
46.9809	5.6457
118.3506	5.2807
143.013	4.2763
145.417	3.9223
148.8488	3.3428
154.5422	2.4602
131.1982	2.0307
122.5958	2.6554
119.5618	0.8401
74.0172	1.2089
25.558	1.22
33.1189	1.5473
308.3467	0.9733
289.6732	2.476
282.6641	2.91
276.8078	3.9922
275.302	4.2703
283.8273	4.6706
289.2373	4.6275
301.2063	4.6911
309.9992	4.114
359.251	4.9732
3.1865	2.9856
199.8512	1.9489
124.2608	2.945
99.2865	4.2637
82.5916	4.8873
79.0817	7.5727
79.648	4.2754
81.3591	3.9154
103.2236	3.6882
84.438	6.8873
71.8854	4.2046
59.3199	3.5517
46.4732	2.4587
297.1036	0.5766
246.5016	2.7646
240.5936	2.7863
233.5502	2.6358
235.8593	2.0347
222.3414	1.7999
197.5948	1.6936
184.2198	2.1264
175.0815	2.8456
157.4156	3.4566
151.7276	3.7489
142.2912	3.3454
148.5809	3.0005
151.4692	2.7366
158.0983	1.81
165.9226	1.651
234.5904	1.5531
225.2962	1.5065
280.4901	1.6373
303.6077	1.5565
323.5859	1.3899
326.9628	0.7893
293.8445	0.8676
286.6146	1.1255
274.2667	1.1942
273.3203	1.5397
293.2581	1.4905
307.803	1.607
322.0925	1.5712
320.3727	1.4978
312.4449	1.4234
319.5249	0.9053
264.27	0.4021
191.1388	1.5401
199.0509	1.3167
187.6026	1.0557
208.7334	0.7124
171.1364	0.8272
168.6249	0.793
159.9928	0.846
164.0918	0.6884
170.0869	1.2206
169.3077	0.8513
131.4447	0.4278
145.3927	0.6966
164.5999	0.9401
199.4405	1.9387
198.3276	1.6322
210.0249	1.5813
194.8395	1.6661
212.9665	1.4498
226.0776	1.3338
277.9463	1.5429
297.6803	1.488
312.9645	1.9501
319.4428	2.5221
327.3842	2.7803
334.9214	3.1711
343.3066	3.0477
354.8108	2.6383
16.1654	2.1578
43.1973	2.7195
40.9667	3.0631
40.7832	3.909
47.036	4.0163
55.422	3.8699
44.905	3.0399
10.2502	2.4832
350.2125	3.0557
345.4427	2.9516
343.0779	2.6642
346.7697	2.4311
351.868	1.9682
355.7965	1.4825
348.7811	1.5186
332.3779	1.0295
344.4222	0.7115
159.3937	2.0476
152.0104	2.0876
147.9675	2.7717
132.1088	2.3305
109.2452	2.2708
114.1869	2.7555
98.1828	1.5353
81.645	1.4276
67.5095	1.4639
5.6953	1.3807
357.4727	1.7437
8.1027	2.2552
359.0353	1.7436
7.2838	1.6635
355.9876	1.7229
4.1018	2.1215
347.5929	1.7022
348.0986	1.3888
329.8207	2.0329
323.5424	0.9689
308.4586	1.311
306.3879	1.6154
305.6915	2.5192
314.1604	2.6176
317.319	3.1927
320.348	3.0796
327.287	3.1143
330.5654	2.8718
331.252	2.7559
336.0882	2.2657
342.6012	2.1916
344.6212	2.8325
339.1039	1.8953
329.5421	1.7902
321.5657	2.0908
324.1261	2.6455
319.5843	2.0999
323.1326	1.907
339.4387	2.1764
347.3409	1.9093
357.8118	1.371
15.8806	0.7717
93.7125	1.5835
99.3008	1.9955
88.5441	1.3613
105.8913	1.4863
122.5145	3.3154
140.1745	3.1361
173.4035	1.845
137.9651	2.3892
142.8652	2.843
137.8991	2.7661
129.3621	2.5009
130.5655	1.7485
128.3094	1.5989
151.2852	3.4916
141.404	2.6792
127.1722	3.1059
94.8564	2.3126
80.5084	2.4717
44.8249	1.7039
37.5981	0.7556
347.5889	0.7364
128.5252	0.3832
148.2121	0.9899
149.7564	1.0071
117.7987	0.9709
14.5319	0.8601
322.8373	1.5189
314.4184	1.8558
315.0896	2.4538
311.4823	2.4794
312.6073	2.6093
312.1301	2.6439
308.0516	2.888
313.7051	2.1784
317.0287	1.7987
337.8697	1.0524
44.3794	1.119
64.6064	1.4134
62.0499	1.6239
45.013	1.8828
36.759	1.5279
52.5733	1.5705
66.4206	2.2763
60.9165	2.0618
52.9389	2.2592
70.1494	3.0901
68.4627	1.4174
80.6246	1.7681
39.6917	1.6656
45.8031	1.4866
1.499	1.011
347.7753	0.6877
341.0341	0.5124
177.2233	0.482
349.6105	0.0253
141.3216	0.6608
34.3663	0.8638
0.188	0.8167
354.9942	1.2128
335.7885	0.9781
323.3499	0.9758
334.0554	1.5947
332.0937	1.4786
327.1972	1.4896
322.3779	1.2944
325.6534	1.4413
315.5532	1.3114
320.15	1.2783
327.0909	1.0312
345.0802	1.2278
328.84	1.1791
314.0028	1.3033
314.9906	1.4943
311.3901	1.5801
302.0842	1.2677
318.9486	1.2717
350.5945	1.1677
21.0651	1.4493
347.2915	1.1739
305.2228	0.9489
311.8898	0.8362
301.5471	1.4032
286.6758	1.7216
323.1636	1.1629
41.4901	0.915
88.9773	1.6466
12.847	0.5884
317.4856	1.193
279.9342	1.3795
292.0783	1.3679
304.9558	0.873
11.7389	1.0608
98.042	1.5713
113.6525	1.8114
147.4267	2.2411
155.1472	2.1523
165.9052	1.9566
175.0112	2.464
194.8671	1.5321
122.2949	0.6432
62.5848	2.0793
75.3625	2.2906
57.117	1.9985
23.0542	1.5038
339.9285	1.6551
343.8763	1.4555
331.5466	0.5382
172.758	1.5173
177.5045	1.9425
177.4843	2.0505
195.1286	2.3031
186.1168	2.1279
164.7336	2.1305
206.2889	1.6908
238.7531	2.2228
225.6405	2.3439
227.4668	2.8029
201.8738	3.123
196.0206	3.6261
213.9303	2.987
200.2243	1.593
198.0017	1.3924
159.1449	0.6149
113.3772	2.1926
87.9129	3.4925
56.4646	2.8175
21.6491	1.9001
354.0523	1.874
337.2723	2.6197
330.8877	2.8248
326.5329	2.3029
322.3988	1.6427
342.4036	1.62
348.126	1.3744
354.1243	1.1852
219.7456	0.1021
145.6838	0.9983
89.4579	0.4274
102.7108	1.4761
126.0069	1.9486
113.2981	1.4406
119.9981	1.8246
112.3325	1.7449
106.2504	1.9223
32.1421	1.052
350.4393	1.0898
340.4712	1.0972
306.7344	0.368
232.4137	0.721
262.6951	0.4588
263.4945	0.5436
242.8929	0.3441
203.379	1.1814
182.5644	0.7658
218.9983	0.7519
214.2065	1.0885
224.5892	1.0181
176.6599	0.9151
102.119	0.671
122.8628	1.4841
96.2304	1.1813
90.7608	0.87
119.5868	1.5488
113.6556	1.5601
138.8104	1.4497
157.775	1.6197
163.6022	1.061
141.8139	0.7728
154.3981	1.6205
117.3069	0.3432
117.058	0.614
230.8379	0.9182
201.4823	1.259
188.3024	1.9674
158.2735	2.5769
76.1591	2.4033
88.5101	2.6424
115.6446	3.1972
116.5674	3.4868
109.2661	2.6465
137.3967	2.0428
168.5727	2.3763
167.9638	3.5214
186.5446	4.7366
149.31	2.6202
109.1294	2.4674
60.6197	2.2673
39.5497	1.7902
10.6502	2.1868
9.514	1.7261
333.0721	1.9856
331.6632	0.7765
136.209	0.3563
341.302	2.5173
299.1302	3.8589
302.9148	5.3089
335.0355	4.5448
47.4656	4.5306
120.4134	2.0728
189.7356	1.6525
197.7919	1.7439
85.1048	0.4624
109.6258	2.0794
143.1013	2.421
162.6924	2.391
145.1546	1.9386
105.7862	3.5037
81.5085	2.7449
12.3176	1.2563
332.4037	1.635
359.2026	1.441
335.196	1.6299
323.3042	1.6211
322.7516	1.6799
339.8221	1.5389
9.6866	1.1383
95.8349	1.4752
92.9442	1.5217
67.4328	0.5812
1.0023	0.5815
349.0964	1.3912
325.5654	1.4353
338.3072	1.5919
336.0413	1.7691
338.5318	1.7546
