 0	0
 230	1.08032
 230	1.08032
 230	0.51444
 200	1.08032
 230	1.08032
 200	4.21841
 180	2.1092
 70	2.1092
 50	2.62364
 50	2.1092
 250	3.70397
 50	3.70397
 50	3.18953
 50	1.59476
 50	1.08032
 50	0.51444
 140	1.08032
 140	1.08032
 160	1.08032
 180	0.51444
 10	0.51444
 90	0.51444
 70	1.08032
 90	0.51444
 200	0.51444
 180	1.08032
 180	1.08032
 180	3.18953
 230	3.18953
 230	4.21841
 230	3.70397
 240	2.62364
 120	1.59476
 180	1.59476
 140	2.1092
 140	3.70397
 140	4.47563
 140	2.1092
 160	3.70397
 140	2.1092
 110	2.1092
 90	1.59476
 90	1.59476
 50	2.1092
 50	2.1092
 50	2.1092
 50	2.1092
 50	2.1092
 50	1.08032
 70	1.59476
 70	1.59476
 0	0
 50	0.51444
 0	0
 0	0
 0	0
 160	1.59476
 160	2.1092
 180	2.1092
 180	1.59476
 140	0.51444
 70	1.59476
 70	2.62364
 50	2.62364
 50	2.62364
 50	3.18953
 90	2.62364
 70	1.59476
 70	2.1092
 0	0
 90	1.08032
 90	1.08032
 50	1.59476
 50	1.59476
 50	2.1092
 50	1.08032
 280	1.08032
 200	2.1092
 230	2.62364
 180	2.1092
 160	2.1092
 160	2.1092
 140	1.59476
 170	3.18953
 140	2.1092
 110	2.1092
 110	2.1092
 90	1.59476
 20	2.62364
 20	0.51444
 110	0.51444
 90	1.08032
 70	2.62364
 210	2.1092
 160	4.21841
 160	4.21841
 140	2.1092
 70	1.59476
 50	4.47563
 50	3.70397
 50	2.62364
 90	0.51444
 200	2.1092
 200	1.59476
 230	2.62364
 230	2.62364
 180	2.1092
 180	1.59476
 180	0.51444
 50	2.1092
 50	1.59476
 50	1.59476
 50	1.59476
 180	1.59476
 180	1.59476
 160	2.1092
 160	2.1092
 160	0.51444
 160	1.08032
 160	1.08032
 160	1.08032
 160	1.08032
 160	1.59476
 160	1.59476
 110	1.59476
 90	1.59476
 70	2.1092
 140	4.21841
 150	4.47563
 180	4.21841
 160	3.70397
 230	1.08032
 200	1.08032
 280	2.62364
 180	2.62364
 200	2.1092
 180	1.08032
 180	2.1092
 160	2.62364
 140	1.59476
 180	2.1092
 200	3.18953
 180	2.62364
 180	3.18953
 180	3.18953
 180	2.62364
 140	3.18953
 140	3.18953
 140	2.62364
 160	2.1092
 230	1.59476
 200	1.59476
 180	2.1092
 160	2.1092
 160	2.62364
 160	2.62364
 230	3.18953
 230	4.21841
 230	4.21841
 230	4.21841
 200	2.62364
 230	2.62364
 230	3.70397
 250	3.70397
 270	3.18953
 320	3.70397
 270	2.1092
 230	2.62364
 230	4.47563
 250	5.04151
 230	10.3402
 230	8.1796
 250	8.1796
 230	4.47563
 230	3.18953
 220	1.59476
 230	1.59476
 230	0.51444
 230	0.51444
 200	2.62364
 230	2.62364
 140	1.59476
 110	1.08032
 90	1.59476
 90	1.59476
 90	1.59476
 70	1.59476
 70	1.59476
 50	2.1092
 60	2.62364
 50	3.70397
 230	3.18953
 230	1.08032
 230	1.59476
 200	1.59476
 290	3.18953
 230	3.18953
 230	1.59476
 200	1.08032
 70	1.59476
 50	2.62364
 50	2.62364
 50	3.18953
 50	3.18953
 50	2.62364
 50	2.62364
 50	2.1092
 50	2.1092
 50	2.1092
 50	2.1092
 50	2.1092
 60	1.08032
 50	1.08032
 70	1.59476
 70	1.59476
 90	1.08032
 90	1.08032
 90	1.59476
 50	2.1092
 50	2.62364
 50	2.1092
 50	1.59476
 50	1.59476
 110	1.08032
 50	2.1092
 50	2.1092
 50	2.1092
 50	2.1092
 50	2.62364
 50	2.1092
 50	2.1092
 50	2.1092
 50	2.62364
 50	2.62364
 50	2.62364
 50	2.62364
 50	2.62364
 50	2.62364
 50	2.62364
 50	2.62364
 50	2.62364
 50	2.1092
 70	2.62364
 50	2.62364
 50	2.62364
 50	2.62364
 50	2.62364
 50	3.18953
 30	2.62364
 50	2.1092
 50	2.62364
 50	0.51444
 50	2.1092
 50	2.1092
 50	2.1092
 70	2.62364
 50	3.70397
 50	1.59476
 250	3.18953
 230	2.62364
 230	3.18953
 230	5.04151
 250	5.04151
 230	3.18953
 250	5.55595
 230	4.21841
 230	4.47563
 200	5.04151
 180	2.62364
 180	2.62364
 160	5.04151
 160	4.21841
 230	7.15072
 250	4.47563
 250	5.04151
 250	5.04151
 230	4.21841
 230	4.21841
 230	4.21841
 230	3.70397
 230	3.18953
 200	3.70397
 200	5.04151
 180	3.70397
 0	0
 20	1.59476
 50	5.04151
 50	1.59476
 200	1.08032
 200	1.08032
 200	3.18953
 180	2.1092
 200	1.59476
 200	1.59476
 90	0.51444
 50	1.08032
 90	1.59476
 90	1.08032
 110	1.08032
 110	1.08032
 140	4.21841
 160	5.04151
 200	5.04151
 200	4.47563
 200	2.62364
 140	2.1092
 200	1.08032
 180	2.62364
 170	3.70397
 180	3.70397
 180	2.62364
 180	2.62364
 180	3.70397
 180	3.18953
 200	2.62364
 200	3.18953
 200	3.18953
 180	2.62364
 180	2.62364
 180	2.1092
 240	2.1092
 230	4.21841
 230	2.1092
 200	2.1092
 200	2.1092
 230	0.51444
 30	2.62364
 0	0
 70	1.08032
 0	0
 40	1.08032
 50	2.1092
 50	2.1092
 50	1.59476
 50	3.18953
 50	2.62364
 50	2.1092
 50	2.1092
 50	2.1092
 50	2.1092
 50	1.08032
 50	1.08032
 50	1.59476
 140	2.62364
 110	2.62364
 110	1.59476
 140	2.62364
 140	2.62364
 180	2.1092
 230	3.18953
 200	3.70397
 270	3.70397
 200	3.70397
 200	3.70397
 180	1.59476
 160	1.59476
 50	1.08032
 50	3.18953
 20	2.62364
 50	2.1092
 50	2.62364
 0	0
 50	2.62364
 50	2.62364
 50	2.62364
 50	2.1092
 90	3.18953
 90	3.18953
 140	3.18953
 140	3.18953
 140	4.21841
 160	5.04151
 160	4.21841
 160	5.04151
 200	3.70397
 240	2.1092
 180	2.1092
 200	3.70397
 200	3.18953
 200	3.70397
 140	3.70397
 140	2.62364
 110	1.08032
 20	2.1092
 20	1.08032
 50	0.51444
 90	2.1092
 90	1.59476
 90	1.59476
 140	2.1092
 140	4.47563
 140	5.04151
 160	4.21841
 250	3.18953
 270	2.1092
 290	5.04151
 250	3.70397
 250	3.18953
 250	2.1092
 70	2.1092
 50	2.1092
 70	2.1092
 50	2.62364
 70	2.62364
 20	2.1092
 70	1.08032
 50	1.59476
 90	2.1092
 90	1.59476
 20	3.70397
 50	2.62364
 50	2.62364
 50	2.62364
 50	2.62364
 50	2.62364
 50	2.62364
 50	2.62364
 50	2.62364
 50	2.62364
 50	1.59476
 50	2.1092
 50	2.1092
 50	3.18953
 50	2.1092
 50	1.59476
 50	2.1092
 90	2.1092
 140	4.21841
 110	4.21841
 140	4.21841
 110	7.15072
 140	5.04151
 140	6.07039
 140	5.04151
 110	5.04151
 140	4.47563
 140	4.21841
 140	3.70397
 160	0.51444
 130	4.47563
 140	5.04151
 140	3.70397
 180	4.21841
 270	1.08032
 50	2.1092
 320	1.59476
 100	2.1092
 230	2.1092
 250	1.59476
 320	1.08032
 340	1.08032
 360	1.08032
 20	2.62364
 70	5.55595
 50	2.1092
 50	1.59476
 290	0.51444
 360	1.59476
 50	0.51444
 50	0.51444
 50	1.08032
 50	1.59476
 90	2.62364
 140	3.70397
 110	3.70397
 110	4.21841
 110	4.47563
 110	4.47563
 90	2.62364
 110	4.47563
 90	3.70397
 70	4.21841
 90	3.70397
 90	4.21841
 50	2.1092
 20	1.59476
 20	2.62364
 50	2.62364
 20	0.51444
 50	2.1092
 340	1.08032
 50	2.62364
 50	1.59476
 50	1.59476
 50	1.59476
 90	3.70397
 90	2.62364
 70	2.1092
 50	2.1092
 50	1.08032
 90	3.70397
 50	2.62364
 50	1.08032
 50	1.08032
 230	1.08032
 250	0.51444
 50	1.59476
 50	1.08032
 50	1.59476
 90	2.62364
 110	2.62364
 50	2.1092
 50	1.59476
 20	1.08032
 230	2.1092
 160	0.51444
 140	3.18953
 140	4.21841
 140	2.1092
 180	2.62364
 110	1.59476
 140	2.1092
 160	4.21841
 270	7.66516
 270	7.15072
 270	4.21841
 250	4.47563
 250	5.04151
 270	3.18953
 250	2.1092
 230	2.62364
 290	3.18953
 270	1.08032
 230	1.08032
 220	1.59476
 250	1.59476
 250	1.59476
 250	1.08032
 0	0
 90	1.08032
 70	2.1092
 50	2.1092
 90	2.62364
 50	2.62364
 20	2.62364
 20	3.70397
 50	2.62364
 50	2.62364
 20	2.62364
 20	3.18953
 20	3.18953
 50	2.62364
 50	2.62364
 50	2.62364
 50	2.62364
 50	3.18953
 50	2.62364
 50	2.62364
 20	2.62364
 70	2.62364
 70	2.62364
 70	2.1092
 90	4.21841
 90	4.21841
 110	4.21841
 140	5.04151
 140	3.70397
 270	4.21841
 270	1.59476
 270	1.08032
 230	1.08032
 0	0
 20	1.59476
 20	2.1092
 50	1.08032
 50	2.1092
 20	2.62364
 50	1.59476
 50	0.51444
 60	0.51444
 0	0
 20	1.08032
 50	1.59476
 340	0.51444
 250	0.51444
 20	1.59476
 20	2.62364
 20	1.08032
 20	1.59476
 20	3.70397
 230	3.18953
 250	0.51444
 270	0.51444
 250	1.08032
 230	0.51444
 270	1.08032
 340	0.51444
 340	0.51444
 20	1.08032
 50	1.08032
 360	0.51444
 360	0.51444
 270	1.08032
 250	1.08032
 270	1.59476
 0	0
 160	1.59476
 160	1.08032
 0	0
 0	0
 150	0.51444
 150	1.59476
 250	1.59476
 270	1.59476
 20	1.08032
 20	1.08032
 0	0
 0	0
 250	1.08032
 270	1.08032
 270	1.08032
 220	1.08032
 230	1.59476
 250	1.59476
 270	1.08032
 270	1.08032
 270	1.08032
 320	4.21841
 270	0.51444
 230	1.59476
 290	1.08032
 230	2.1092
 220	2.62364
 180	2.62364
 250	2.62364
 290	1.59476
 160	2.1092
 200	2.62364
 200	2.62364
 250	3.18953
 250	3.18953
 180	2.1092
 160	2.62364
 140	2.62364
 140	3.18953
 320	4.21841
 230	4.21841
 270	7.15072
 270	7.15072
 270	6.07039
 270	5.04151
 270	7.15072
 270	8.1796
 320	7.15072
 320	7.15072
 320	7.15072
 320	7.15072
 290	5.04151
 290	5.04151
 290	4.47563
 270	3.70397
 320	2.62364
 320	2.62364
 270	1.59476
 250	1.08032
 230	1.08032
 230	1.08032
 230	1.08032
 60	1.59476
 50	1.08032
 50	1.59476
 50	2.62364
 20	3.18953
 20	3.70397
 50	0.51444
 40	1.59476
 50	2.1092
 50	2.62364
 50	3.18953
 50	2.1092
 20	3.18953
 20	3.70397
 20	3.70397
 50	3.70397
 50	3.70397
 50	2.62364
 50	2.62364
 50	2.62364
 20	2.62364
 50	2.1092
 50	3.18953
 50	3.18953
 50	3.70397
 50	4.21841
 40	4.47563
 50	3.70397
 50	3.18953
 50	4.21841
 20	4.47563
 20	4.21841
 20	1.59476
 20	0.51444
 310	1.08032
 200	2.62364
 340	2.1092
 340	2.62364
 320	1.08032
 360	0.51444
 0	0
 20	1.59476
 20	0.51444
 20	2.62364
 50	1.08032
 70	2.62364
 50	2.62364
 50	2.62364
 190	1.08032
 250	1.59476
 270	1.59476
 250	0.51444
 200	0.51444
 0	0
 0	0
 0	0
 0	0
 50	1.08032
 270	1.59476
 270	1.59476
 290	2.1092
 250	2.62364
 290	2.1092
 250	1.59476
 250	1.08032
 230	2.1092
 230	2.1092
 270	1.08032
 270	1.08032
 270	0.51444
 0	0
 50	1.59476
 20	0.51444
 50	2.62364
 50	2.1092
 50	1.59476
 50	1.08032
 140	2.62364
 110	2.62364
 110	3.18953
 110	3.70397
 90	4.21841
 90	3.18953
 50	3.18953
 70	3.18953
 50	3.18953
 20	4.21841
 340	3.18953
 290	2.1092
 320	2.62364
 270	1.08032
 230	4.21841
 270	1.59476
 0	0
 0	0
 50	0.51444
 140	2.1092
 160	2.1092
 90	0.51444
 140	3.18953
 110	1.59476
 50	0.51444
 220	2.62364
 220	2.62364
 220	2.62364
 250	4.21841
 250	2.1092
 140	1.08032
 180	0.51444
 180	0.51444
 270	1.08032
 290	1.59476
 250	2.62364
 230	5.04151
 230	3.70397
 270	3.18953
 320	2.62364
 320	2.62364
 320	3.18953
 270	4.21841
 270	2.62364
 270	3.70397
 230	3.70397
 180	0.51444
 160	3.70397
 180	1.08032
 270	1.59476
 340	1.59476
 340	2.62364
 360	2.1092
 290	1.08032
 230	1.59476
 320	1.08032
 320	1.59476
 270	1.59476
 0	0
 0	0
 0	0
 200	1.59476
 50	1.59476
 50	1.59476
 0	0
 0	0
 0	0
 140	2.1092
 140	2.1092
 160	2.1092
 140	2.1092
 230	2.1092
 0	0
 0	0
 360	1.08032
 50	1.59476
 140	2.1092
 240	4.21841
 140	3.70397
 140	3.70397
 140	3.70397
 290	3.18953
 320	2.62364
 320	1.59476
 0	0
 250	1.59476
 250	1.59476
 250	2.1092
 290	1.08032
 290	1.59476
 320	1.08032
 290	1.59476
 320	1.08032
 290	0.51444
 70	1.08032
 70	2.1092
 50	1.08032
 360	1.59476
 50	3.18953
 50	2.62364
 20	2.1092
 20	1.59476
 20	2.62364
 50	2.62364
 20	3.18953
 50	2.62364
 50	1.59476
 90	1.59476
 50	2.62364
 20	2.62364
 50	2.1092
 50	2.62364
 50	3.18953
 50	2.62364
 50	3.18953
 20	4.21841
 20	4.47563
 50	3.18953
 50	3.18953
 50	2.62364
 50	4.21841
 20	2.62364
 270	2.62364
 290	3.18953
 140	2.1092
 90	0.51444
 110	3.70397
 160	2.1092
 270	1.08032
 270	2.1092
 230	1.59476
 320	1.59476
 250	1.59476
 250	0.51444
 250	0.51444
 360	1.08032
 360	2.62364
 20	3.70397
 200	3.70397
 50	2.1092
 20	2.62364
 220	3.18953
 360	2.62364
 50	4.21841
 50	3.18953
 50	3.70397
 50	4.21841
 50	4.47563
 50	2.1092
 0	0
 360	4.21841
 50	2.62364
 50	1.59476
 90	1.59476
 140	1.59476
 270	2.1092
 270	2.62364
 290	2.62364
 270	1.59476
 320	2.1092
 320	4.21841
 330	3.70397
 320	2.1092
 320	2.62364
 320	2.62364
 20	3.18953
 0	2.62364
 360	3.18953
 50	3.70397
 50	2.1092
 360	0.51444
 290	0.51444
 180	1.08032
 230	2.1092
 230	2.62364
 270	2.1092
 230	2.1092
 230	2.62364
 230	1.59476
 50	4.21841
 360	2.62364
 20	2.62364
 340	2.62364
 20	3.18953
 20	3.70397
 50	3.70397
 50	3.70397
 50	2.1092
 50	2.62364
 50	2.1092
 70	1.59476
 50	2.1092
 70	2.1092
 70	2.1092
 20	2.1092
 360	1.08032
 90	2.1092
 90	2.1092
 140	4.47563
 110	1.59476
 110	2.1092
 0	0
 270	1.08032
 70	2.62364
 70	3.18953
 50	3.70397
 50	4.47563
 70	4.21841
 90	3.18953
 50	3.70397
 50	3.70397
 50	3.18953
 50	2.62364
 20	2.62364
 20	2.62364
 70	1.59476
 50	1.08032
 20	2.62364
 20	2.62364
 360	4.21841
 50	3.70397
 40	3.18953
 50	2.62364
 70	3.18953
 70	4.21841
 60	2.62364
 50	3.18953
 50	2.62364
 50	4.21841
 70	4.47563
 90	5.04151
 90	3.18953
 90	1.59476
 70	1.59476
 20	3.18953
 20	2.62364
 20	2.62364
 340	2.1092
 340	2.1092
 340	3.18953
 340	3.18953
 360	2.1092
 320	1.59476
 360	1.59476
 70	1.08032
 90	1.08032
 50	2.1092
 50	2.1092
 50	2.62364
 90	0.51444
 70	2.62364
 90	2.62364
 50	2.62364
 50	1.59476
 90	1.08032
 90	1.08032
 90	2.1092
 250	1.59476
 110	2.1092
 0	0
 90	2.1092
 90	2.62364
 140	2.62364
 110	0.51444
 110	3.18953
 70	2.62364
 70	0.51444
 70	2.62364
 90	3.18953
 140	2.62364
 110	2.62364
 140	2.62364
 140	4.21841
 140	4.47563
 110	2.62364
 90	4.21841
 70	1.59476
 50	1.59476
 20	2.1092
 50	2.1092
 50	2.62364
 50	2.1092
 50	3.18953
 50	2.62364
 50	3.18953
 50	4.21841
 70	3.70397
 90	2.62364
 90	2.62364
 70	2.62364
 70	3.18953
 70	3.18953
 70	3.70397
 70	3.70397
 50	3.70397
 50	3.70397
 50	4.21841
 70	3.70397
 70	3.70397
 70	3.70397
 70	4.21841
 70	4.21841
 70	5.04151
 70	5.04151
 70	4.47563
 70	3.18953
 70	4.47563
 70	4.21841
 70	4.47563
 60	3.70397
 50	2.62364
 70	4.21841
 50	3.70397
 70	3.18953
 140	1.59476
 0	1.59476
 270	2.62364
 290	1.59476
 70	1.08032
 20	2.1092
 320	1.08032
 320	3.18953
 320	2.1092
 320	2.62364
 320	2.62364
 270	1.08032
 340	1.08032
 340	1.59476
 320	2.1092
 320	2.62364
 320	3.70397
 290	2.1092
 320	1.08032
 290	1.08032
 280	0.51444
 270	1.08032
 320	1.59476
 320	1.08032
 360	1.08032
 20	1.59476
 20	1.59476
 360	2.1092
 360	1.08032
 70	1.08032
 90	1.08032
 90	0.51444
 60	1.59476
 70	1.59476
 50	2.1092
 50	3.18953
 90	1.59476
 90	0.51444
 90	2.1092
 50	2.1092
 50	2.62364
 50	1.59476
 90	0.51444
 90	1.08032
 80	2.1092
 70	2.1092
 90	1.08032
 90	1.08032
 90	0.51444
 60	1.59476
 50	1.59476
 50	2.62364
 360	1.08032
 20	1.08032
 20	1.08032
 360	1.08032
 0	0
 50	2.1092
 50	0.51444
 0	0
 0	0
 320	1.08032
 90	1.59476
 110	1.59476
 110	1.59476
 90	1.59476
 90	1.59476
 140	2.62364
 140	1.08032
 160	3.18953
 140	2.62364
 140	3.70397
 160	3.70397
 180	2.62364
 230	1.08032
 110	2.62364
 140	2.1092
 140	2.62364
 110	1.59476
 140	1.59476
 50	1.59476
 90	0.51444
 90	0.51444
 90	1.08032
 50	0.51444
 50	1.08032
 70	0.51444
 50	1.08032
 50	1.59476
 270	0.51444
 140	1.08032
 90	1.08032
 360	0.51444
 340	1.08032
 230	1.59476
 290	2.1092
 290	3.70397
 230	1.08032
 230	1.08032
 230	2.1092
 250	2.62364
 270	2.1092
 290	1.08032
 320	1.08032
 0	0
 0	0
 50	2.1092
 70	2.1092
 70	1.08032
 90	2.1092
 110	2.1092
 110	1.59476
 110	1.59476
 180	2.1092
 170	2.1092
 180	3.70397
 230	3.70397
 270	5.04151
 230	3.70397
 270	3.18953
 270	1.08032
 270	1.08032
 290	1.08032
 0	0
 90	1.59476
 90	2.62364
 50	2.62364
 0	0
 70	1.59476
 70	1.59476
 70	1.59476
 90	1.59476
 140	1.08032
 140	3.70397
 90	2.62364
 90	1.59476
 90	1.08032
 90	1.08032
 0	0
 230	3.18953
 230	3.70397
 230	4.21841
 230	5.04151
 250	4.47563
 270	3.70397
 230	2.62364
 0	0
 70	2.1092
 70	2.1092
 70	1.59476
 140	1.59476
 140	1.59476
 140	2.1092
 140	2.1092
 140	3.70397
 180	4.21841
 180	3.70397
 160	2.1092
 140	3.70397
 160	3.70397
 160	4.21841
 160	4.21841
 160	4.21841
 160	2.62364
 230	2.1092
 320	1.59476
 290	1.08032
 290	2.1092
 270	2.1092
 320	1.08032
 320	0.51444
 320	0.51444
 200	1.59476
 270	3.70397
 20	1.08032
 340	0.51444
 50	1.08032
 90	1.08032
 90	1.59476
 90	1.08032
 120	2.1092
 110	0.51444
 120	2.1092
 140	2.62364
 140	2.1092
 140	2.62364
 140	2.1092
 160	2.62364
 200	2.1092
 280	2.62364
 250	0
 250	3.70397
 250	3.18953
 230	2.62364
 220	2.62364
 220	2.62364
 180	2.62364
 140	2.1092
 140	2.62364
 180	2.62364
 140	2.1092
 190	3.18953
 250	3.18953
 230	2.1092
 200	3.70397
 200	2.62364
 200	2.62364
 200	3.70397
 140	3.18953
 230	3.18953
 250	4.21841
 250	4.21841
 230	3.70397
 230	2.62364
 340	0.51444
 230	2.62364
 230	2.62364
 220	3.70397
 200	2.62364
 200	3.18953
 180	2.62364
 180	2.1092
 160	2.1092
 180	2.1092
 180	1.59476
 160	2.1092
 180	2.1092
 160	2.1092
 270	1.08032
 290	2.62364
 290	2.62364
 200	2.62364
 200	3.18953
 180	5.04151
 200	4.21841
 200	3.70397
 200	3.70397
 200	4.21841
 230	5.04151
 220	5.04151
 270	5.04151
 250	6.07039
 270	5.04151
 270	5.04151
 270	6.07039
 250	5.04151
 270	4.21841
 270	4.21841
 250	3.70397
 340	1.59476
 200	2.1092
 360	1.59476
 290	2.1092
 250	2.62364
 230	2.1092
 180	2.62364
 160	4.21841
 160	2.1092
 140	2.1092
 140	0.51444
 20	2.62364
 340	3.70397
 320	2.1092
 180	2.1092
 180	2.1092
 140	2.1092
 110	4.21841
 90	3.70397
 50	3.18953
 50	3.18953
 50	3.70397
 70	3.18953
 40	4.21841
 70	3.18953
 90	3.70397
 40	2.62364
 50	2.1092
 40	1.59476
 0	0
 20	4.21841
 360	2.62364
 230	1.59476
 250	2.62364
 270	3.70397
 230	2.1092
 230	2.1092
 250	3.18953
 250	3.18953
 250	2.62364
 250	2.62364
 240	3.70397
 220	4.21841
 220	4.21841
 220	4.21841
 230	3.18953
 230	1.59476
 230	3.18953
 230	3.70397
 200	3.18953
 200	4.47563
 200	4.21841
 160	1.59476
 180	3.70397
 200	3.18953
 180	3.18953
 180	2.62364
 180	3.18953
 140	2.62364
 140	1.59476
 90	4.21841
 50	2.1092
 50	2.1092
 50	2.62364
 50	2.62364
 70	1.59476
 70	1.59476
 0	0
 0	0
 0	0
 0	0
 0	0
 270	1.08032
 270	1.08032
 0	0
 0	0
 0	0
 0	0
 0	0
 290	2.1092
 70	1.59476
 90	1.59476
 180	1.08032
 180	1.08032
 180	0.51444
 180	1.59476
 140	2.1092
 140	2.1092
 90	2.1092
 50	2.1092
 70	1.59476
 50	2.1092
 50	2.62364
 50	3.18953
 50	3.18953
 50	0.51444
 50	2.62364
 50	3.18953
 50	3.18953
 50	3.18953
 50	3.18953
 50	2.62364
 70	3.18953
 50	3.70397
 50	3.18953
 50	1.08032
 340	0.51444
 230	1.08032
 230	1.59476
 230	2.1092
 230	2.62364
 270	2.62364
 250	2.62364
 250	3.70397
 230	3.18953
 230	4.47563
 230	4.47563
 250	4.47563
 250	4.21841
 250	3.18953
 80	5.04151
 250	4.47563
 250	5.04151
 250	5.04151
 270	6.07039
 290	5.04151
 270	2.1092
 90	0.51444
 90	2.1092
 90	1.08032
 50	2.62364
 90	1.59476
 140	3.70397
 140	2.1092
 180	2.1092
 200	3.70397
 250	5.04151
 250	5.04151
 250	5.04151
 230	3.70397
 230	4.21841
 270	4.21841
 250	3.70397
 230	3.18953
 220	0.51444
 140	2.1092
 140	1.59476
 200	3.70397
 180	3.18953
 160	1.59476
 160	1.08032
 160	1.59476
 180	1.59476
 160	2.1092
 180	2.1092
 180	1.59476
 220	2.1092
 230	2.1092
 300	1.59476
 160	0.51444
 0	0
 0	0
 90	1.08032
 0	0
 90	0.51444
 110	2.62364
 170	1.08032
 230	1.08032
 0	0
 270	1.08032
 230	2.1092
 180	2.1092
 200	2.62364
 180	2.62364
 180	2.62364
 180	4.21841
 200	3.70397
 270	4.21841
 250	3.70397
 250	2.62364
 360	1.08032
 270	1.59476
 140	0.51444
 140	1.08032
 110	1.08032
 180	1.08032
 160	1.08032
 90	1.08032
 20	2.1092
 20	0
 360	0.51444
 360	0.51444
 50	1.08032
 50	2.1092
 50	2.62364
 20	3.18953
 50	0
 50	1.59476
 50	3.18953
 50	2.62364
 50	0.51444
 110	2.1092
 230	2.1092
 230	1.59476
 230	2.1092
 200	2.1092
 200	1.59476
 230	2.62364
 230	2.1092
 200	2.1092
 220	2.62364
 220	2.62364
 160	1.59476
 0	0
 180	1.59476
 200	2.1092
 230	2.1092
 230	2.62364
 230	2.1092
 230	2.62364
 230	2.1092
 180	2.1092
 200	2.62364
 200	2.1092
 230	2.62364
 230	3.18953
 230	2.62364
 200	2.62364
 180	1.59476
 180	1.59476
 180	2.1092
 180	2.1092
 230	2.62364
 230	0.51444
 0	0
 70	1.08032
 50	1.59476
 0	0
 0	0
 160	2.62364
 160	2.62364
 140	2.62364
 140	1.59476
 140	1.08032
 140	1.59476
 90	0.51444
 110	2.62364
 110	1.59476
 90	1.08032
 110	1.08032
 0	0
 180	1.59476
 180	1.59476
 180	2.1092
 200	2.1092
 230	2.1092
 200	2.62364
 230	3.70397
 230	3.70397
 230	4.21841
 230	3.70397
 230	4.47563
 230	5.04151
 230	5.04151
 230	4.47563
 230	3.70397
 250	3.18953
 180	2.62364
 180	3.18953
 180	1.59476
 200	3.18953
 200	2.1092
 160	2.62364
 140	2.62364
 140	3.18953
 270	0.51444
 270	2.1092
 200	0
 220	3.18953
 270	1.08032
 270	1.59476
 230	3.18953
 250	3.70397
 270	5.04151
 230	3.18953
 230	4.21841
 230	4.21841
 230	4.21841
 230	4.21841
 200	3.18953
 200	2.1092
 160	2.1092
 110	0.51444
 0	0
 170	2.62364
 180	2.62364
 200	4.47563
 180	4.47563
 200	6.07039
 70	7.15072
 270	3.18953
 250	2.1092
 250	2.62364
 200	2.1092
 160	1.08032
 90	1.08032
 180	1.59476
 180	1.59476
 180	2.1092
 180	2.1092
 180	1.59476
 180	1.59476
 180	1.08032
 180	1.08032
 160	1.08032
 70	1.59476
 50	1.08032
 90	1.08032
 90	1.08032
 90	1.08032
 140	2.62364
 180	2.1092
 0	0
 180	3.18953
 180	4.21841
 180	5.04151
 200	6.07039
 250	5.04151
 200	4.47563
 180	2.62364
 230	6.07039
 270	5.04151
 270	4.21841
 270	3.18953
 200	3.70397
 220	3.18953
 230	2.1092
 200	2.1092
 180	2.1092
 0	0
 0	0
 0	0
 220	3.18953
 180	3.18953
 200	3.18953
 200	4.21841
 200	4.21841
 180	4.47563
 180	3.70397
 140	3.70397
 140	2.1092
 50	1.08032
 200	1.08032
 230	1.08032
 200	1.59476
 180	1.59476
 180	2.1092
 160	1.08032
 280	3.70397
 230	2.62364
 140	1.59476
 90	1.59476
 70	2.1092
 50	2.1092
 50	2.1092
 50	2.1092
 50	3.70397
 50	3.70397
 0	0
 200	2.1092
 200	2.1092
 200	2.1092
 200	2.1092
 300	2.1092
 200	2.1092
 90	0.51444
 90	0.51444
 90	1.08032
 180	2.1092
 200	1.59476
 180	2.62364
 180	2.62364
 180	1.59476
 200	1.59476
 180	1.59476
 200	1.08032
 200	1.59476
 200	2.1092
 200	2.1092
 200	2.62364
 200	2.62364
 200	2.62364
 180	2.62364
 200	2.62364
 200	2.62364
 230	2.62364
 200	2.62364
 200	2.62364
 200	2.62364
 180	2.1092
 140	2.62364
 140	1.08032
 160	4.47563
 140	3.18953
 140	2.62364
 170	1.59476
 140	2.1092
 140	2.1092
 230	1.59476
 230	2.1092
 230	2.1092
 180	1.59476
 180	1.59476
 180	1.08032
 0	0
 0	0
 0	0
 0	0
 0	0
 0	0
 0	0
 0	0
 110	0.51444
 140	1.59476
 70	0.51444
 110	1.08032
 70	2.1092
 90	2.1092
 90	1.59476
 140	1.59476
 140	2.1092
 140	1.59476
 140	2.62364
 140	2.1092
 140	2.62364
 90	1.08032
 110	1.08032
 140	0.51444
 200	0.51444
 230	2.1092
 230	2.1092
 230	2.1092
 180	1.08032
 140	1.59476
 140	1.59476
 140	1.59476
 140	2.1092
 90	1.08032
 110	1.08032
 140	2.62364
 160	1.59476
 160	2.62364
 160	2.1092
 160	1.59476
 180	2.1092
 180	3.18953
 180	3.70397
 180	4.21841
 180	2.62364
 140	0.51444
 140	2.1092
 140	2.1092
 140	2.1092
 160	1.08032
 160	2.62364
 160	2.1092
 160	2.1092
 180	1.59476
 160	3.18953
 180	2.1092
 180	2.1092
 140	1.59476
 140	0.51444
 90	1.08032
 90	2.1092
 140	2.62364
 110	2.1092
 140	2.1092
 140	2.1092
 160	3.70397
 180	1.59476
 160	2.1092
 230	1.08032
 140	2.62364
 110	1.59476
 140	2.1092
 140	2.62364
 160	4.47563
 140	3.18953
 180	0.51444
 140	2.62364
 140	2.1092
 140	1.08032
 0	0
 0	0
 230	3.18953
 270	4.21841
 200	2.62364
 180	0.51444
 200	3.18953
 200	2.62364
 200	2.62364
 220	3.70397
