 40	2.1092
 40	1.59476
 40	1.59476
 100	2.1092
 270	0.51444
 180	2.1092
 180	2.1092
 40	1.08032
 40	2.1092
 40	2.62364
 270	1.08032
 220	2.1092
 220	3.18953
 200	3.70397
 200	3.18953
 220	3.18953
 200	3.70397
 250	6.63628
 280	7.66516
 250	4.21841
 250	3.18953
 220	1.08032
 180	1.59476
 160	1.08032
 40	1.08032
 40	2.1092
 40	2.62364
 40	1.59476
 40	1.08032
 180	1.59476
 360	0.51444
 320	0.51444
 200	2.1092
 180	2.1092
 180	2.62364
 160	3.18953
 40	2.62364
 40	2.62364
 40	1.59476
 40	0.51444
 140	0.51444
 70	2.1092
 110	2.1092
 220	1.59476
 200	2.1092
 180	2.1092
 160	2.62364
 160	3.70397
 200	3.18953
 220	4.21841
 250	4.21841
 250	4.21841
 250	4.47563
 250	5.04151
 200	4.47563
 220	4.47563
 180	2.62364
 200	2.1092
 220	1.59476
 180	1.59476
 160	2.62364
 160	3.18953
 140	2.1092
 160	2.62364
 140	2.1092
 140	2.1092
 140	1.08032
 140	2.62364
 160	3.18953
 160	4.47563
 160	4.21841
 160	4.47563
 160	3.18953
 160	2.1092
 140	1.08032
 110	1.08032
 70	1.59476
 40	1.59476
 20	1.59476
 70	3.70397
 60	3.18953
 360	1.59476
 350	1.59476
 220	2.62364
 40	2.1092
 40	1.59476
 40	2.1092
 40	2.62364
 40	2.62364
 250	1.08032
 200	3.18953
 220	4.21841
 250	5.04151
 250	4.47563
 250	4.47563
 270	2.1092
 320	1.08032
 40	2.62364
 40	2.62364
 40	1.08032
 290	1.08032
 220	2.1092
 200	3.18953
 300	2.62364
 200	2.62364
 200	3.18953
 200	3.70397
 200	3.70397
 220	3.18953
 220	6.07039
 220	5.04151
 220	5.04151
 250	7.15072
 250	3.70397
 250	4.21841
 250	3.18953
 250	2.1092
 220	2.1092
 180	2.1092
 70	2.62364
 360	2.1092
 250	4.21841
 220	3.70397
 220	2.62364
 200	1.59476
 290	0.51444
 290	0.51444
 220	2.1092
 220	2.62364
 220	2.62364
 220	3.18953
 200	2.1092
 200	1.08032
 200	1.08032
 290	1.08032
 240	0.51444
 200	1.08032
 40	0.51444
 40	1.59476
 40	2.62364
 40	2.62364
 40	2.62364
 90	2.62364
 40	2.62364
 40	2.62364
 40	2.62364
 40	2.62364
 250	1.59476
 250	1.08032
 30	2.1092
 160	0.51444
 40	2.62364
 160	2.62364
 200	3.18953
 220	2.62364
 220	2.62364
 220	2.62364
 200	2.62364
 120	2.62364
 200	2.62364
 220	3.70397
 220	4.47563
 220	3.18953
 220	3.18953
 220	4.47563
 220	4.21841
 220	4.21841
 250	4.21841
 250	4.21841
 250	3.18953
 220	2.62364
 250	2.62364
 250	1.59476
 140	1.59476
 40	2.62364
 70	2.1092
 40	1.59476
 220	2.1092
 220	2.62364
 220	3.18953
 200	2.62364
 320	2.62364
 200	2.1092
 70	1.08032
 40	1.08032
 90	0.51444
 290	1.08032
 220	2.62364
 220	3.70397
 200	4.21841
 200	3.70397
 220	4.21841
 220	5.04151
 120	5.04151
 180	1.08032
 0	0
 40	2.62364
 40	3.70397
 40	3.70397
 40	2.62364
 40	2.62364
 40	2.1092
 40	2.1092
 70	2.62364
 100	3.70397
 110	3.70397
 90	2.62364
 40	1.08032
 40	1.59476
 290	1.08032
 220	2.1092
 200	2.1092
 50	1.59476
 250	2.1092
 140	0.51444
 70	2.62364
 40	2.62364
 20	1.59476
 200	1.08032
 200	1.59476
 40	1.59476
 40	2.62364
 40	2.1092
 40	2.62364
 40	2.62364
 40	2.62364
 40	2.62364
 20	3.18953
 40	2.62364
 110	1.08032
 20	4.47563
 40	2.62364
 70	2.62364
 40	3.18953
 40	3.18953
 40	2.62364
 40	3.70397
 40	3.18953
 40	2.62364
 40	3.18953
 40	3.70397
 20	2.1092
 40	1.59476
 20	2.1092
 290	0.51444
 270	0.51444
 120	3.70397
 220	1.08032
 200	1.08032
 220	0.51444
 220	1.08032
 200	2.62364
 180	1.08032
 160	2.62364
 160	1.59476
 90	1.08032
 90	0.51444
 90	1.08032
 90	1.08032
 160	1.08032
 220	1.59476
 180	2.62364
 160	2.62364
 180	1.59476
 160	1.59476
 260	2.1092
 110	2.1092
 90	1.59476
 70	1.08032
 40	2.62364
 140	2.1092
 160	3.70397
 140	2.62364
 160	2.62364
 220	1.08032
 0	0
 250	2.1092
 250	3.18953
 140	3.70397
 220	3.18953
 250	2.62364
 40	0.51444
 40	2.1092
 40	2.1092
 70	2.1092
 40	2.62364
 40	2.62364
 40	3.18953
 20	2.62364
 20	2.62364
 40	1.59476
 220	0.51444
 230	1.59476
 200	1.08032
 200	1.59476
 110	1.59476
 40	2.1092
 40	3.18953
 40	2.62364
 40	2.62364
 110	1.59476
 40	2.1092
 20	2.62364
 110	3.70397
 110	3.70397
 90	2.62364
 20	1.08032
 260	4.21841
 250	2.62364
 250	3.18953
 250	3.18953
 290	2.1092
 250	2.62364
 180	3.18953
 180	1.08032
 160	2.1092
 290	5.04151
 270	2.1092
 340	5.04151
 220	2.62364
 110	1.08032
 140	2.62364
 250	5.04151
 270	5.55595
 250	4.47563
 250	4.21841
 250	3.70397
 250	4.21841
 220	0.51444
 220	1.08032
 250	0.51444
 270	0.51444
 210	2.62364
 250	3.70397
 250	3.18953
 220	4.21841
 220	3.18953
 180	1.08032
 70	2.62364
 90	2.62364
 90	3.18953
 40	1.59476
 30	2.62364
 0	0
 220	1.59476
 270	2.1092
 250	3.18953
 250	6.07039
 250	4.21841
 250	2.62364
 220	3.18953
 40	4.47563
 20	3.18953
 220	1.59476
 140	1.59476
 20	3.70397
 20	4.47563
 40	3.70397
 120	2.1092
 40	1.59476
 40	2.62364
 20	2.1092
 20	2.62364
 40	2.62364
 20	3.18953
 70	2.1092
 70	2.62364
 20	4.21841
 20	2.62364
 20	3.18953
 20	3.70397
 20	3.18953
 20	3.18953
 20	2.62364
 20	3.18953
 20	3.18953
 70	2.1092
 90	1.59476
 110	2.1092
 90	2.1092
 20	3.18953
 20	2.62364
 70	3.70397
 40	3.18953
 70	2.62364
 40	2.1092
 20	2.62364
 20	3.18953
 20	3.70397
 70	3.70397
 70	4.47563
 70	4.21841
 40	3.18953
 90	3.18953
 220	3.18953
 0	0
 130	3.70397
 270	3.70397
 250	4.21841
 270	2.1092
 20	3.18953
 20	3.70397
 0	0
 40	2.1092
 20	2.62364
 220	2.62364
 240	1.59476
 290	0.51444
 110	0
 110	1.59476
 180	5.04151
 180	3.18953
 270	3.70397
 250	0.51444
 140	1.59476
 70	1.08032
 40	2.1092
 20	2.62364
 20	2.1092
 320	4.21841
 270	1.08032
 270	1.08032
 40	2.1092
 70	2.62364
 40	2.62364
 70	2.62364
 70	3.70397
 20	2.62364
 320	1.59476
 320	0.51444
 320	2.1092
 290	2.62364
 150	2.62364
 250	2.62364
 290	1.59476
 250	0.51444
 90	1.08032
 0	0
 40	1.59476
 20	1.59476
 0	0
 20	1.08032
 40	2.62364
 20	1.59476
 110	1.59476
 270	2.1092
 270	0.51444
 250	2.1092
 220	3.70397
 130	4.21841
 0	0
 40	0.51444
 90	2.1092
 110	1.59476
 80	4.21841
 70	3.18953
 290	1.59476
 220	2.62364
 250	2.62364
 200	3.70397
 250	5.04151
 270	1.59476
 180	1.59476
 220	2.62364
 270	1.59476
 160	0.51444
 140	0.51444
 40	1.08032
 200	3.70397
 250	4.21841
 320	4.21841
 320	2.62364
 290	5.04151
 290	2.62364
 290	4.21841
 290	3.70397
 270	4.21841
 270	2.62364
 290	4.47563
 320	2.62364
 290	4.21841
 0	3.18953
 40	2.1092
 40	3.70397
 320	2.62364
 320	3.18953
 360	4.47563
 320	2.62364
 360	4.21841
 20	5.04151
 40	4.21841
 20	3.70397
 40	4.21841
 40	4.21841
 40	4.21841
 40	4.21841
 40	4.47563
 40	2.62364
 20	4.47563
 20	3.18953
 20	1.59476
 40	2.1092
 40	2.62364
 270	0.51444
 240	2.1092
 270	2.62364
 290	1.08032
 20	0.51444
 20	2.1092
 40	2.62364
 70	0.51444
 140	2.62364
 140	3.18953
 270	1.59476
 80	2.62364
 70	3.18953
 20	1.08032
 20	2.1092
 40	2.62364
 20	2.62364
 40	2.62364
 40	2.62364
 20	1.59476
 290	2.1092
 70	2.1092
 140	2.62364
 80	4.47563
 180	3.18953
 160	2.1092
 70	2.1092
 70	2.1092
 110	2.1092
 90	1.59476
 160	2.62364
 140	2.62364
 140	0.51444
 140	4.47563
 40	1.59476
 40	2.1092
 40	2.1092
 20	2.62364
 40	1.59476
 200	1.59476
 20	1.59476
 20	4.21841
 90	0.51444
 110	2.1092
 110	2.62364
 160	2.62364
 20	1.08032
 120	2.62364
 140	1.59476
 150	3.18953
 360	2.1092
 40	2.62364
 40	4.21841
 270	4.21841
 70	3.70397
 70	3.70397
 10	4.21841
 360	4.47563
 20	2.62364
 360	1.59476
 40	2.62364
 20	1.08032
 20	1.59476
 40	1.08032
 40	4.47563
 70	1.08032
 20	3.70397
 340	0.51444
 250	4.47563
 250	3.18953
 340	1.08032
 290	2.62364
 270	3.70397
 320	1.59476
 360	1.59476
 320	1.08032
 360	1.08032
 260	2.62364
 20	0.51444
 200	1.08032
 90	1.59476
 160	3.18953
 200	1.08032
 250	2.62364
 140	2.62364
 0	0
 290	4.47563
 220	1.59476
 160	3.70397
 180	3.70397
 360	1.59476
 70	1.59476
 40	4.21841
 40	3.18953
 20	3.70397
 320	3.18953
 290	3.18953
 90	3.70397
 290	3.18953
 290	2.62364
 270	2.62364
 140	2.62364
 220	5.04151
 320	4.21841
 300	2.62364
 270	2.1092
 270	2.62364
 270	2.62364
 270	3.18953
 250	3.70397
 180	3.18953
 0	0
 270	0
 270	6.07039
 240	4.21841
 270	3.70397
 250	2.62364
 270	1.59476
 250	1.59476
 140	3.18953
 270	4.21841
 270	2.62364
 40	3.18953
 70	2.1092
 160	3.18953
 250	3.70397
 250	3.18953
 40	2.1092
 340	3.18953
 220	2.62364
 100	4.21841
 220	4.21841
 200	7.15072
 220	8.1796
 250	8.1796
 250	8.74548
 270	4.47563
 270	5.55595
 360	2.62364
 320	1.59476
 320	0.51444
 270	1.59476
 220	2.1092
 270	2.1092
 220	2.1092
 220	2.62364
 200	1.59476
 90	1.59476
 20	3.18953
 360	2.1092
 270	0.51444
 90	1.08032
 40	3.18953
 40	3.18953
 360	2.62364
 20	1.59476
 70	3.18953
 200	2.62364
 200	3.70397
 220	4.21841
 290	3.18953
 290	1.08032
 290	0.51444
 160	1.08032
 110	1.08032
 140	1.59476
 140	1.08032
 180	1.59476
 160	1.59476
 180	0.51444
 270	2.62364
 200	1.59476
 340	1.59476
 290	1.59476
 0	0
 160	2.62364
 250	1.08032
 320	2.62364
 360	0.51444
 40	2.1092
 20	3.18953
 20	3.18953
 360	2.62364
 70	3.18953
 70	3.18953
 70	4.21841
 70	3.18953
 90	1.08032
 110	1.59476
 90	2.62364
 160	2.1092
 160	2.62364
 270	1.59476
 340	0.51444
 340	1.08032
 320	1.59476
 340	1.08032
 340	1.08032
 360	1.59476
 340	2.1092
 320	1.59476
 320	1.08032
 290	0.51444
 90	0.51444
 90	1.59476
 70	1.59476
 40	0.51444
 40	2.1092
 140	0.51444
 140	1.08032
 110	0.51444
 70	1.08032
 220	1.08032
 180	1.59476
 100	1.08032
 140	3.18953
 140	2.62364
 160	4.21841
 180	1.59476
 40	2.62364
 40	1.59476
 90	1.59476
 140	2.62364
 160	2.1092
 160	2.1092
 160	2.62364
 140	2.1092
 220	2.1092
 220	1.08032
 180	2.62364
 180	2.62364
 180	2.62364
 250	3.70397
 270	1.08032
 40	1.59476
 20	1.08032
 270	2.1092
 250	2.62364
 270	3.18953
 220	2.1092
 220	3.18953
 270	4.21841
 290	1.59476
 270	3.18953
 250	3.18953
 230	3.18953
 220	3.18953
 220	1.59476
 360	1.59476
 360	0.51444
 40	0.51444
 70	1.08032
 40	2.1092
 30	1.08032
 210	2.1092
 200	2.62364
 220	4.47563
 220	4.47563
 220	3.70397
 220	3.70397
 220	3.70397
 270	3.70397
 220	3.18953
 220	2.1092
 200	2.62364
 200	1.59476
 200	3.18953
 180	2.62364
 180	1.08032
 90	0.51444
 140	1.08032
 90	1.59476
 70	1.08032
 20	0.51444
 20	2.1092
 40	1.59476
 40	2.1092
 40	1.08032
 0	0
 220	2.1092
 200	2.1092
 180	1.08032
 180	1.59476
 180	2.62364
 140	5.04151
 160	0
 180	3.18953
 270	5.04151
 270	3.18953
 360	4.21841
 20	3.18953
 360	1.08032
 220	2.1092
 230	3.18953
 220	3.70397
 250	5.04151
 220	4.21841
 220	4.21841
 250	5.55595
 360	2.62364
 290	1.59476
 200	2.62364
 180	2.1092
 90	1.08032
 250	1.59476
 70	1.08032
 90	1.08032
 40	1.59476
 70	1.59476
 90	2.62364
 60	4.21841
 90	8.74548
 70	3.18953
 40	2.62364
 40	2.62364
 90	1.59476
 70	2.1092
 90	2.62364
 90	0.51444
 250	0.51444
 220	0.51444
 0	0
 90	1.08032
 90	1.08032
 110	1.59476
 90	1.08032
 140	1.08032
 160	0.51444
 160	3.18953
 200	2.62364
 220	4.21841
 220	2.62364
 220	2.62364
 220	2.1092
 160	2.62364
 40	2.1092
 20	0.51444
 0	0
 200	1.59476
 90	1.08032
 40	2.1092
 40	1.08032
 160	1.59476
 220	1.08032
 160	1.08032
 180	2.1092
 180	1.08032
 200	1.08032
 180	1.08032
 200	3.18953
 160	1.59476
 160	3.70397
 160	3.70397
 180	3.18953
 160	2.1092
 180	2.1092
 140	3.18953
 160	1.59476
 40	1.08032
 200	2.1092
 180	2.1092
 40	1.08032
 40	2.62364
 40	2.62364
 40	1.59476
 220	2.1092
 180	1.59476
 180	1.08032
 200	1.08032
 270	0.51444
 140	1.08032
 160	0.51444
 140	1.08032
 70	1.08032
 110	1.08032
 90	1.08032
 20	1.08032
 90	1.59476
 70	2.62364
 40	3.18953
 40	3.18953
 40	3.18953
 40	1.59476
 40	2.1092
 40	2.62364
 40	2.62364
 50	2.1092
 40	3.18953
 40	2.1092
 40	1.59476
 40	1.08032
 40	2.1092
 40	1.59476
 40	1.08032
 70	0.51444
 70	1.59476
 70	1.08032
 70	1.08032
 0	0
 160	2.62364
 200	1.59476
 20	2.1092
 180	0.51444
 40	2.1092
 70	3.18953
 40	2.1092
 20	2.1092
 40	2.1092
 40	3.18953
 20	4.21841
 20	2.62364
 40	0.51444
 220	1.08032
 0	0
 220	1.08032
 40	0.51444
 180	4.47563
 180	0.51444
 90	1.59476
 20	2.62364
 40	1.59476
 220	3.70397
 220	3.70397
 220	3.18953
 220	3.18953
 200	2.1092
 200	2.1092
 220	3.18953
 220	2.62364
 200	3.18953
 220	3.70397
 160	3.18953
 140	2.62364
 110	4.21841
 140	4.21841
 110	3.18953
 90	1.59476
 40	2.1092
 40	2.62364
 270	2.1092
 250	2.62364
 220	3.18953
 200	2.62364
 40	1.59476
 20	1.08032
 40	2.62364
 360	0.51444
 200	3.18953
 220	2.62364
 40	2.1092
 40	2.1092
 40	2.1092
 40	3.18953
 20	4.21841
 180	4.21841
 200	4.47563
 220	5.04151
 180	2.62364
 160	2.62364
 40	3.18953
 40	2.62364
 220	1.08032
 140	1.08032
 40	1.08032
 40	2.1092
 70	1.08032
 20	2.62364
 40	2.62364
 20	1.08032
 20	1.08032
 40	2.1092
 20	2.62364
 40	2.1092
 40	1.08032
 40	1.59476
 20	2.62364
 40	2.1092
 40	2.62364
 40	1.59476
 40	3.18953
 40	2.62364
 70	2.1092
 40	1.59476
 40	1.08032
 40	1.08032
 40	1.59476
 40	1.08032
 200	0.51444
 180	0.51444
 180	1.08032
 180	2.1092
 180	2.62364
 200	3.70397
 220	2.62364
 200	2.1092
 220	2.1092
 220	3.18953
 220	2.62364
 220	2.1092
 220	4.21841
 220	5.55595
 220	6.63628
 220	5.55595
 220	4.21841
 210	2.62364
 220	2.1092
 160	2.62364
 180	2.62364
