 78.4669	2.17958
 159.599	1.58235
 102.282	0.277489
 150.549	0.819307
 134.594	1.99035
 145.015	2.24729
 122.177	2.72784
 103.849	1.82343
 100.921	2.2054
 136.284	0.871929
 137.754	0.652991
 172.303	0.860198
 157.114	1.74048
 155.702	2.33482
 143.077	2.9904
 159.465	1.8431
 273.723	0.358118
 269.736	2.99247
 262.515	4.58016
 245.089	5.85465
 203.757	4.95946
 188.563	5.23414
 181.474	7.4231
 193.746	9.46613
 199.548	9.37781
 225.907	3.83178
 154.432	6.3191
 178.888	4.56337
 206.877	4.69564
 204.233	4.43482
 197.351	5.99538
 154.624	4.05397
 154.711	3.3584
 244.078	7.33968
 226.207	3.82561
 212.65	5.08915
 209.496	7.22702
 257.461	8.46727
 279.03	9.88657
 262.947	10.5384
 236.617	7.12261
 237.301	4.49598
 249.333	4.84598
 238.419	3.54624
 225.152	4.80824
 199.073	3.54456
 189.196	3.11437
 194.535	2.95906
 185.012	4.02328
 216.854	2.06841
 232.059	2.58513
 232.219	1.28722
 52.1622	0.964077
 69.0509	0.9379
 49.6515	4.53463
 25.0339	2.26286
 331.989	1.70558
 243.366	1.41205
 192.465	2.9364
 237.499	4.82779
 262.943	3.44788
 256.775	4.27061
 249.987	6.14183
 220.652	3.97629
 221.692	3.98661
 219.426	5.46961
 252.609	7.98844
 255.189	6.66872
 289.35	4.40998
 233.76	2.91464
 261.399	3.09552
 248.916	2.6998
 189.566	1.52274
 172.451	2.41334
 143.13	1.96638
 135.844	2.45375
 137.586	2.29385
 197.232	2.80574
 197.88	3.08489
 132.917	1.95981
 126.167	1.53399
 206.791	1.53131
 290.567	2.04173
 297.18	3.06727
 289.178	6.46202
 255.982	2.96155
 268.747	4.6464
 268.954	4.61258
 245.861	4.21061
 228.144	2.45439
 223.266	2.11157
 242.076	2.91485
 218.887	1.84814
 165.935	2.60102
 115.049	1.84136
 118.39	4.82797
 137.972	4.23697
 143.112	2.88078
 157.247	5.10244
 133.48	3.88513
 146.076	3.85381
 155.938	3.04744
 136.279	1.93873
 139.956	1.9772
 113.526	1.39058
 156.636	1.74608
 99.1411	2.15511
 122.642	3.72789
 115.442	5.40235
 115.161	2.84547
 62.6439	3.84604
 79.2148	4.45253
 91.9433	3.44637
 95.6748	2.06179
 64.9166	5.52441
 85.2429	3.49634
 133.055	2.00982
 107.007	1.95867
 51.31	4.49998
 45.9838	4.7708
 57.4578	4.46885
 85.5844	0.967486
 66.5931	2.97799
 99.5307	1.02723
 238.451	0.526153
 259.074	3.4197
 295.184	3.87645
 311.961	5.02918
 288.153	4.17493
 315.891	1.93856
 257.588	0.842595
 117.224	0.459822
 328.2	1.21919
 142.609	1.95414
 95.6255	1.82134
 122.265	2.68158
 135.957	1.69278
 156.693	3.76209
 135.035	1.67959
 152.183	2.08468
 166.554	2.69722
 171.255	3.31375
 122.074	3.4702
 104.098	2.93285
 110.825	2.82212
 130.145	4.67038
 137.712	4.03337
 124.589	2.89493
 140.788	2.8477
 145.093	2.13343
 136.759	1.35649
 136.498	1.28589
 168.872	2.21161
 225.363	2.51421
 219.122	2.67644
 222.734	3.14318
 234.491	5.20847
 230.285	3.77433
 210.847	5.01543
 230.248	4.56425
 221.662	2.8229
 210.236	2.58157
 165.035	2.46722
 139.495	1.83434
 140.691	2.312
 167.554	1.45417
 309.441	1.49863
 257.205	3.81788
 233.505	2.54631
 106.32	0.372154
 3.02322	1.01528
 13.8668	2.02496
 97.7442	1.47823
 163.816	1.66855
 137.115	1.15814
 169.868	2.35266
 89.5745	0.915896
 260.704	1.54001
 254.539	1.19546
 7.04304	0.325466
 212.192	1.1185
 236.527	1.47432
 229.491	4.13827
 220.761	6.83873
 191.992	8.47108
 190.384	4.4002
 206.643	6.5029
 227.073	6.84767
 250.572	7.68697
 273.761	6.70285
 237.2	5.90384
 216.188	5.11195
 216.334	5.05371
 185.621	4.19704
 181.732	5.20434
 226.699	2.14521
 176.822	2.00416
 164.324	1.91851
 130.988	1.61844
 156.601	1.72321
 160.18	1.30065
 185.633	1.52502
 152.623	0.72232
 187.588	1.04986
 205.609	1.51925
 203.59	1.66188
 197.482	2.02717
 176.902	2.25936
 193.361	1.57503
 196.975	2.07121
 219.763	2.25555
 212.553	2.08906
 206.174	3.72005
 210.011	4.56661
 204.174	8.32677
 193.374	6.31655
 174.299	7.32055
 173.303	5.47365
 153.107	5.69873
 136.629	3.96854
 147.384	2.06155
 204.078	2.01563
 257.371	4.70175
 251.088	5.86427
 226.61	2.35183
 179.492	2.52014
 137.308	5.65814
 137.438	3.51818
 136.453	2.71005
 164.932	2.61601
 170.075	3.18053
 166.123	4.74843
 197.215	4.65357
 231.18	3.13997
 216.467	4.24772
 193.347	4.13744
 210.641	3.15369
 214.203	1.64646
 121.604	0.911942
 177.569	2.36454
 204.702	2.00808
 198.536	3.42843
 188.643	3.75438
 203.772	2.49286
 205.714	4.36303
 205.259	1.78608
 155.686	1.89322
 67.7458	1.03498
 32.0863	2.10555
 2.32374	1.31444
 352.441	4.14557
 329.431	3.35568
 316.039	3.23969
 287.691	5.46412
 248.534	8.14573
 255.962	5.56185
 226.815	5.32485
 219.291	2.54095
 124.279	1.32291
 164.128	1.96475
 149.57	3.09766
 133.386	3.77077
 129.508	2.81866
 163.542	2.77667
 116.063	2.37377
 148.78	3.1566
 104.105	2.56776
 74.1557	3.06747
 76.153	2.81372
 65.3856	2.79132
 44.5795	2.07048
 13.3125	0.773707
 7.84834	0.619168
 101.954	0.155431
 54.1199	1.32382
 297.007	2.55097
 255.784	2.92899
 261.07	4.44162
 245.094	5.1628
 248.419	3.62021
 333.218	1.86341
 327.429	1.48042
 321.144	2.15567
 10.0779	0.761785
 168.389	1.39553
 217.934	2.00898
 220.027	1.87985
 220.731	4.37179
 229.723	5.2226
 227.663	7.70444
 240.803	10.2576
 229.755	10.4398
 222.691	8.68312
 247.62	5.47573
 264.387	5.21383
 277.906	4.93155
 234.786	3.65331
 250.132	2.13328
 244.237	0.893523
 132.316	1.06283
 63.2673	0.932757
 37.9379	1.8407
 335.592	1.1086
 191.325	0.986499
 150.246	1.36857
 119.432	1.75297
 88.118	2.08682
 94.2491	1.76324
 138.218	1.75827
 118.135	3.07606
 119.398	2.43421
 116.818	1.52678
 67.9538	1.24594
 315.712	0.606245
 292.902	1.63709
 247.358	1.36585
 278.233	1.48678
 221.106	1.77872
 212.666	2.72203
 220.418	2.10726
 219.101	3.85168
 220.33	5.3342
 216.175	5.34396
 208.753	7.72229
 209.597	10.1711
 224.255	8.62986
 231.934	6.10352
 255.547	6.12883
 254.126	4.21182
 350.079	1.81001
 291.103	2.41066
 285.239	1.21844
 250.977	1.48694
 229.936	3.79869
 224.089	5.82875
 228.125	7.72008
 231.015	6.34117
 261.769	5.38796
 237.995	4.28582
 219.957	1.23933
 297.001	1.82432
 356.265	0.981765
 353.1	0.934005
 254.254	1.6289
 164.679	0.676174
 67.6191	0.611244
 194.999	2.75137
 214.538	2.23505
 201.212	2.0687
 165.496	0.601632
 196.025	2.24604
 180.74	1.99428
 163.549	2.1777
 143.407	1.87896
 135.09	2.56774
 156.253	1.86958
 170.414	1.66674
 181.902	2.74435
 194.742	3.0327
 199.026	2.18602
 218.466	2.99836
 215.415	5.04846
 220.031	4.89308
 239.975	8.70173
 252.993	5.50976
 255.019	7.00953
 270.136	9.21732
 269.597	5.72573
 257.69	6.47796
 260.209	7.00594
 254.846	6.02699
 243.695	6.99327
 245.233	5.54801
 261.791	7.5787
 271.233	7.17019
 265.217	4.55438
 269.996	7.67014
 253.36	4.62466
 248.012	2.95189
 208.873	2.26575
 141.128	2.07169
 167.255	2.80389
 241.577	3.01097
 191.916	2.33435
 205.298	3.31815
 167.391	2.41239
 217.756	2.94765
 256.561	3.8674
 212.589	3.16949
 160.755	2.58349
 170.729	2.42204
 173.442	1.20987
 217.754	1.3425
 305.279	2.71463
 233.134	1.45715
 165.283	1.11513
 119.098	4.54508
 146.772	3.38008
 351.565	1.1844
 331.829	1.1351
 0.861537	2.6495
 356.439	3.68051
 7.60096	6.02345
 352.661	5.49025
 345.447	5.94463
 334.26	4.85919
 299.404	4.32854
 276.232	2.61372
 234.171	4.35937
 213.908	4.38026
 203.329	4.27689
 216.489	6.98818
 216.933	6.91362
 200.716	6.76528
 202.456	8.08323
 173.757	6.59466
 193.584	6.54442
 232.951	7.89569
 237.94	7.88034
 235.039	8.61608
 255.7	9.10686
 262.66	6.68644
 273.347	5.26691
 262.317	4.20478
 223.625	4.46142
 238.417	2.95284
 254.304	1.80635
 226.988	2.07195
 188.963	1.53352
 57.2866	1.35214
 10.5356	2.30531
 22.6854	2.86956
 29.8522	3.83791
 52.4165	3.62963
 28.3345	1.58512
 65.1059	1.57985
 63.7663	1.97988
 59.1153	2.29008
 40.7954	3.22876
 98.4184	1.79508
 77.237	3.35695
 100.458	3.20416
 89.4865	3.5115
 104.701	5.69665
 88.9084	6.6665
 104.589	5.5438
 52.3865	4.091
 42.6491	3.54613
 60.5884	4.15092
 73.9812	4.54876
 50.8384	3.55977
 43.3121	2.82413
 27.9936	2.8069
 20.4394	1.84182
 87.9894	1.96299
 126.45	1.32891
 109.422	2.42116
 128.98	2.83623
 70.1952	2.48053
 79.8672	2.85732
 71.1912	4.25339
 89.2364	3.8483
 63.2625	3.0003
 86.9579	1.50231
 18.933	1.62924
 321.542	3.16472
 289.189	4.27998
 282.551	3.07654
 252.013	3.84154
 303.399	2.66899
 295.456	2.04596
 301.26	2.71041
 348.07	2.82637
 330.393	3.72682
 289.242	2.32316
 217.118	1.6371
 168.997	0.394636
 30.5138	2.5986
 24.931	3.09492
 18.496	4.89223
 17.5223	3.4556
 323.477	3.94656
 297.459	4.41143
 281.991	4.75628
 250.066	5.15238
 241.857	3.02565
 124.483	1.22216
 160.4	3.86059
 200.936	2.28893
 251.579	5.32081
 261.364	6.6305
 262.124	6.17862
 262.12	6.81763
 285.308	5.73412
 278.51	8.00227
 284.868	1.97459
 74.9581	4.4345
 73.5518	5.7713
 68.991	7.77125
 73.4992	8.21846
 78.7555	7.06178
 93.4184	7.26316
 80.2048	9.4866
 79.9832	6.70423
 73.2252	7.46855
 78.1597	7.04741
 50.0389	7.81886
 20.2208	4.81683
 8.57307	4.61334
 355.696	3.49043
 327.109	4.02581
 317.327	2.97246
 336.464	2.96407
 325.557	3.22406
 301.118	4.07638
 281.381	3.68082
 271.279	4.10338
 301.964	2.93407
 265.079	3.8517
 233.239	1.89552
 163.784	2.79402
 146.511	3.99337
 102.55	4.77615
 62.4012	2.67171
 31.2171	3.5744
 346.121	6.35433
 321.583	7.41256
 297.639	6.76126
 300.205	7.72112
 301.73	8.29877
 290.495	7.82618
 291.822	7.76961
 284.985	7.56775
 286.328	6.01403
 258.381	2.49999
 282.07	2.76353
 282.793	3.59986
 240.567	0.743769
 163.444	2.15445
 94.9917	2.27288
 78.0446	2.83526
 73.3462	5.52715
 39.63	4.62358
 36.0071	6.2937
 29.3311	5.5047
 20.1417	5.5431
 37.594	5.49088
 36.2957	5.32647
 31.517	4.05386
 31.0233	3.46138
 33.4715	3.90732
 49.5016	2.02448
 89.5044	3.0372
 66.2658	4.94463
 95.9807	5.37193
 62.6919	4.27854
 62.4907	4.6934
 61.5801	5.23538
 69.5796	5.59728
 67.2323	4.59808
 58.4465	4.59237
 56.2212	5.12347
 26.8626	4.19022
 39.8409	1.6747
 43.3171	2.15874
 86.0031	2.1546
 94.3285	2.59722
 102.344	3.50455
 105.804	2.82733
 166.839	1.74845
 41.953	1.98752
 94.5155	1.31779
 59.3105	3.72928
 78.8326	3.58428
 62.2431	4.38817
 96.3808	4.908
 90.7341	4.99486
 84.8691	6.30858
 88.1902	7.88902
 76.7052	6.33656
 68.2233	7.05196
 93.7158	5.02358
 50.4842	6.87103
 73.1359	5.6001
 57.6018	6.59155
 69.5318	4.32968
 49.5922	6.70834
 49.5255	6.66885
 52.8035	6.89795
 40.634	3.8838
 30.1112	5.34859
 356.708	3.09612
 305.033	1.67208
 310.168	2.2591
 295.401	3.25072
 255.433	2.43761
 258.908	4.45216
 289.895	2.69388
 315.567	0.973284
 328.146	0.732653
 309.791	0.189221
 82.9202	0.471602
 49.3934	1.3882
 54.9266	2.20203
 114.103	4.42605
 103.568	4.53022
 91.0697	6.56715
 85.743	5.893
 91.3231	8.25681
 98.2381	6.32633
 87.5423	8.03837
 70.8367	4.54627
 85.2794	3.67424
 76.5349	3.112
 67.1247	3.04096
 3.38608	1.08278
 23.5816	2.73755
 7.05259	1.29004
 20.665	3.00707
 41.6091	1.96864
 44.0117	2.92596
 37.3156	2.44713
 12.8966	3.2213
 353.32	1.77585
 30.6986	0.70939
 334.93	1.70156
 330.445	0.911183
 152.923	0.794689
 2.75898	0.912562
 355.912	1.46454
 8.43549	3.3467
 333.461	1.85741
 310.586	3.43929
 285.76	1.74746
 136.543	1.2716
 144.942	3.45425
 103.003	3.55647
 283.566	4.05982
 270.348	5.56357
 313.454	2.80749
 53.5038	2.25081
 31.7543	2.31027
 6.93002	4.13382
 352.276	2.51209
 307.18	2.97838
 324.956	6.59778
 337.016	8.58122
 322.963	4.52426
 320.069	6.06818
 336.605	5.20275
 337.785	5.35737
 334.525	3.65225
 331.767	6.3685
 338.339	6.54394
 4.94702	5.68256
 1.40303	6.26101
 352.252	5.95807
 346.431	5.93422
 341.297	5.45882
 305.454	2.73666
 297.389	2.95543
 343.277	1.57909
 132.506	4.62177
 129.742	7.16546
 147.938	4.6867
 226.988	2.30629
 164.245	1.42491
 239.322	2.39691
 196.321	3.37513
 203.972	2.29744
 291.153	3.6978
 300.201	3.05732
 302.88	3.62711
 287.965	5.58381
 316.315	4.08304
 348.045	2.36772
 18.2909	0.713314
 315.382	1.64437
 346.176	1.93208
 275.637	5.37013
 264.278	7.51791
 278.773	6.40318
 277.917	8.33438
 287.082	4.63605
 309.435	4.16822
 317.096	6.20382
 295.111	7.94707
 279.328	3.15106
 286.141	6.16131
 284.86	4.64678
 305.958	3.36887
 175.387	1.49646
 207.104	1.81579
 243.925	3.91384
 275.716	5.70156
 298.689	4.26737
 25.5316	4.76293
 31.5648	4.54066
 34.0425	6.40227
 54.4885	3.17339
 13.0721	2.62731
 359.588	2.49064
 15.1252	3.8365
 9.76893	1.87575
 15.9488	2.46222
 44.4545	1.90056
 52.979	3.18507
 115.66	3.28538
 72.9819	4.4348
 136.422	4.78726
 144.737	4.88252
 160.401	5.02069
 181.771	3.77841
 176.304	2.02735
 165.807	2.54668
 156.4	4.06704
 169.72	5.97477
 187.605	3.41042
 203.201	2.93138
 195.13	2.10165
 177.529	3.89939
 151.067	2.14766
 159.878	1.46588
 173.435	3.49124
 160.461	4.42701
 143.149	4.33849
 108.294	1.92339
 83.9868	1.74365
 56.1712	4.1115
 28.018	5.73654
 23.5341	5.98489
 21.4793	3.49592
 8.9589	3.8964
 18.3751	4.51362
 35.9629	4.0465
 79.7065	3.00092
 100.356	3.34458
 176.774	2.05472
 282.088	2.44421
 287.976	6.49058
 294.729	6.46035
 321.402	6.86354
 338.386	5.51443
 315.058	4.50332
 329.902	6.18878
 331.873	5.14603
 349.823	4.99774
 357.774	3.54414
 15.2067	3.62002
 29.4063	3.14846
 38.5386	5.47047
 77.7044	3.49597
 77.6295	5.54417
 84.9196	4.66731
 60.0248	6.25139
 87.1159	3.67969
 84.8453	6.48177
 80.29	5.55664
 77.5463	5.10851
 51.7853	5.63376
 53.5604	2.59622
 9.33804	3.13503
 15.0978	0.81114
 243.59	1.28341
 263.273	2.45086
 315.58	3.6785
 334.109	2.37832
 176.942	1.68022
 135.914	2.03542
 182.749	1.66611
 264.25	0.487967
 127.507	1.14484
 92.7053	1.3703
 152.695	1.66394
 102.33	1.47342
 119.298	2.06052
 123.381	4.57146
 139.756	2.55587
 253.932	0.332868
 195.49	1.53678
 228.347	3.86989
 282.071	6.96919
 264.273	7.87205
 253.149	5.53002
 234.471	9.52981
 243.526	7.32964
 233.684	9.15713
 250.092	9.84949
 249.903	7.56509
 265.615	5.89942
 266.045	6.43801
 259.077	6.56998
 257.524	11.0591
 277.081	10.5443
 284.366	10.4125
 281.495	7.25446
 295.642	7.27985
 310.726	6.67623
 297.789	5.30441
 302.319	4.73495
 283.424	5.42052
 321.813	4.78102
 293.523	5.32404
 297.381	3.02976
 286.642	4.717
 298.611	5.39103
 282.841	5.41441
 255.799	5.05499
 263.435	6.30476
 288.258	5.49986
 282.266	4.56132
 303.435	4.43661
 309.426	5.44542
 324.761	7.04271
 339.794	5.51647
 342.989	2.35084
 321.311	1.40462
 273.807	4.06372
 243.401	5.41097
 242.505	6.19342
 249.364	6.1143
 277.984	6.29283
 285.565	5.60407
 288.878	4.16175
 258.794	4.65533
 281.794	4.00409
 310.405	3.83711
 255.683	1.64518
 288.778	2.31698
 285.245	3.91749
 293.591	4.13107
 284.699	1.62542
 21.978	1.28462
 340.672	2.82697
 21.7409	2.41808
 22.3487	1.89816
 48.826	1.5974
 355.054	1.22787
 142.855	0.938514
 134.943	2.17636
 143.598	5.80347
 169.875	5.88295
 170.837	2.75196
 255.57	2.49852
 272.432	1.1876
 78.5166	1.66034
 60.5936	2.4779
 84.4333	3.55164
 73.2117	4.19778
 67.3311	5.95787
 48.2713	4.33271
 52.8527	4.05079
 45.6676	6.2243
 48.5616	5.63948
 53.3661	6.0643
 62.0794	3.6582
 48.1902	6.15477
 52.4843	4.35096
 61.5714	4.55354
 95.273	2.85816
 117.107	1.42411
 38.066	2.37434
 53.3264	2.14221
 146.07	1.18706
 253.603	1.36193
 1.46493	3.80707
 36.145	6.33273
 44.5494	4.29796
 54.175	4.41185
 52.4009	4.09425
 49.0285	2.23594
 64.2308	1.54566
 56.4799	1.24649
 24.6909	0.577931
 4.47026	1.14896
 49.1732	1.7929
 11.6346	2.98952
 22.5688	3.05607
 32.3572	3.60508
 47.6099	2.91407
 46.3979	4.24868
 67.0244	3.84155
 64.0738	3.07143
 66.9178	2.60872
 35.2628	3.52779
 57.152	2.10536
 31.8154	2.32931
 46.8622	3.82956
 47.2436	4.02937
 69.1972	3.8289
 57.9877	4.94913
 64.3017	5.08918
 71.1629	4.01884
 46.4237	3.07646
 1.40968	3.27056
 320.909	3.06651
 269.151	3.48948
 285.083	3.49317
 272.321	4.13913
 265.503	4.27991
 290.77	3.79031
 310.95	4.05593
 334.101	2.22976
 322.171	2.99126
 327.084	4.42084
 310.586	4.98907
 260.54	4.82659
 228.809	6.51313
 211.534	7.42192
 240.482	4.50285
 288.643	4.6373
 301.959	4.04604
 334.152	4.60436
 313.178	4.50935
 277.236	2.61611
 273.386	2.64916
 233.698	1.1816
 68.0407	0.56724
 359.996	1.35511
 340.575	1.32214
 298.242	2.23603
 274.78	2.39577
 215.415	2.61277
 197.851	4.80672
 207.781	8.05084
 249.184	5.88726
 272.701	4.25127
 278.502	2.95254
 317.567	1.95803
 340.48	3.65853
 340.083	1.87222
 295.17	1.65926
 251.081	4.09053
 250.372	3.88191
 232.291	2.6995
 202.905	4.62621
 224.011	5.1291
 305.489	6.45504
 306.022	5.27846
 248.711	2.48655
 228.78	7.03574
 247.179	8.32083
 264.397	6.6937
 264.429	7.12415
 275.209	7.37107
 297.629	7.41097
 304.488	7.59171
 298.86	8.70889
 283.23	8.92091
 286.484	6.46567
 241.517	3.39888
 210.307	3.87921
 228.381	8.72875
 276.584	11.0162
 288.964	9.38584
 298.398	5.65149
 297.045	1.97019
 47.0469	1.08233
 48.3556	2.03505
 55.4804	3.10137
 41.3113	5.17337
 4.14743	5.02855
 1.74071	3.45475
 32.5273	2.21962
 75.5882	4.22339
 56.154	5.06108
 63.5949	3.01028
 70.1346	2.97267
 89.9383	3.08698
 104.824	1.35543
 110.946	1.82778
 107.261	2.80939
 111.557	3.40181
 128.972	3.84868
 105.818	4.94282
 80.4381	4.30935
 102.571	6.52539
 106.846	6.4305
 113.358	5.70165
 136.885	4.92963
 162.971	6.67946
 142.101	5.1328
 143.525	3.37867
 156.387	2.23322
 212.712	4.21108
 191.886	3.73557
 201.059	2.31749
 199.305	4.36038
 181.656	3.9171
 239.442	1.6023
 282.712	2.8035
 304.559	1.23912
 309.898	1.60852
 350.839	3.96785
 352.848	2.8477
 174.08	1.01265
 182.256	3.23861
 169.181	4.10303
 171.076	5.90261
 180.602	3.66359
 196.571	2.98404
 174.619	4.42075
 233.291	7.67914
 253.491	8.34996
 265.227	7.49363
 297.737	7.94433
 294.885	6.2096
 293.082	7.61618
 296.011	5.31969
 276.33	4.41537
 190.741	6.15997
 229.298	7.87024
 269.609	8.0116
 266.151	5.22839
 267.448	4.08271
 245.039	3.94975
 254.254	6.10829
 245.353	4.74535
 249.158	5.11178
 251.975	6.96896
 260.881	7.53921
 333.651	4.41727
 47.4725	2.18532
 63.1768	1.51046
 127.765	2.97387
 145.684	1.8011
 240.219	3.59155
 233.961	3.155
 217.557	4.99011
 266.736	4.83452
 246.074	3.8948
 255.647	3.36093
 172.502	3.98987
 228.903	3.04767
 249.375	4.36116
 309.064	5.14286
 349.82	1.52217
 74.6726	3.09139
 63.0325	4.28488
 351.502	2.11633
 267.304	4.64496
 266.802	4.21589
 128.48	0.932804
 46.0229	1.48899
 8.92549	5.61569
 323.221	4.38058
 237.265	3.00201
 286.093	3.60731
 283.435	4.16729
 283.944	6.72395
 263.856	5.64915
 252.332	7.00068
 247.061	7.80558
 250.322	4.96217
 242.309	4.14065
 248.798	4.33342
 257.455	2.19318
 42.4108	1.26084
 56.3851	2.56815
 77.6648	3.77115
 63.9747	5.50128
 70.9391	5.63674
 56.964	6.68911
 58.3018	3.61698
 66.1176	4.43434
 75.4449	4.35677
 58.0757	3.3357
 40.6549	3.98977
 46.0063	1.53528
 291.748	1.07985
 212.906	1.08418
 162.167	1.60119
 131.877	2.78591
 76.1963	1.70748
 110.227	1.78255
 81.993	1.57509
 147.655	2.63169
 112.593	4.5098
 97.7913	5.22425
 85.9697	4.52488
 93.3692	5.56538
 89.9288	5.44551
 95.9929	2.49162
 16.4724	0.431438
 287.272	0.105886
 231.829	0.404975
 268.577	3.43536
 256.346	3.51173
 209.789	4.06822
 162.227	2.67001
 132.115	3.97233
 133.234	1.82625
 130.815	5.12168
 195.692	3.03304
 239.072	4.97492
 179.148	3.66
 139.245	3.45581
 142.518	2.32692
 118.934	4.14778
 130.217	4.75777
 194.885	6.52031
 193.702	4.88074
 116.633	1.70174
 47.3035	3.67063
 85.6977	2.60578
 319.224	1.81179
 238.153	2.24677
 289.94	3.66908
 276.48	8.22265
 269.86	7.05551
 250.431	6.53764
 244.382	5.73741
 202.825	1.92605
 176.218	1.44981
 123.069	2.03267
 107.808	3.18237
 116.741	3.2487
 140.933	5.15039
 113.669	5.38117
 101.001	4.17401
 104.357	5.23761
 127.009	7.30451
 121.482	7.29946
 113.562	7.02215
 116.908	8.24574
 124.454	6.44526
 119.931	8.6743
 109.218	7.98906
 103.737	9.58707
 93.7399	6.56557
 86.6184	5.09855
 80.6108	5.08711
 109.957	0.975941
 83.6037	3.98286
 96.8842	4.80695
 81.1132	5.15292
 94.5378	4.76602
 121.914	4.40959
 68.4229	3.9437
 85.741	5.50072
 81.3764	5.25866
 100.205	6.78882
 79.1498	6.93686
 74.9048	5.03593
 60.1916	5.1914
 36.1465	3.32716
 346.951	2.47227
 305.666	3.74366
 272.387	4.69643
 291.507	2.80064
 222.925	2.23419
 205.589	2.27683
 171.169	2.40293
 167.966	0.419385
 337.71	2.73268
 351.386	4.44548
 12.0276	4.3163
 343.204	3.0547
 286.802	2.40054
 251.094	2.1467
 232.592	5.38118
 208.479	4.92973
 215.926	5.69052
 221.609	7.85799
 249.835	3.93578
 285.881	4.34718
 271.215	3.09702
 304.104	3.20687
 310.378	5.61111
 306.997	6.38469
 289.101	4.75408
 226.337	1.40383
 155.336	4.30808
 133.109	3.10635
 113.763	2.56906
 118.665	2.58749
 86.1034	2.93984
 110.046	3.37253
 84.6582	1.33044
 119.585	0.625433
 102.86	2.22999
 115.509	4.82924
 150.514	5.44761
 166.276	6.21284
 153.182	5.81018
 152.047	1.84243
 131.149	2.92917
 142.753	1.23706
 149.889	1.7204
 206.582	2.0005
 208.919	3.68709
 218.574	3.08669
 219.716	1.72825
 158.128	1.76543
 140.404	0.704705
 110.922	0.83196
 54.2284	2.57168
 74.2553	3.03171
 46.3229	2.72898
 91.2166	2.24429
 122.29	1.66487
 166.815	2.67125
 192.285	3.36527
 194.685	2.57121
 204.931	4.18362
 143.021	1.20976
 148.705	0.973398
 60.1898	1.65444
 9.52236	2.08829
 352.174	2.78862
 16.875	2.42113
 23.1429	2.51948
 9.95719	1.70023
 24.0034	1.73847
 355.738	1.21114
 58.4744	1.59792
 150.173	1.77229
 37.0175	2.02336
 32.6179	2.28576
 328.149	2.90774
 321.663	2.13923
 337.875	1.85943
 283.091	2.80801
 248.422	4.71324
 226.459	4.7713
 247.651	7.03346
 256.948	8.43715
 260.346	9.47121
 263.762	9.88113
 267.478	10.7094
 265.739	10.957
 278.357	7.78922
 312.924	7.28856
 309.155	6.0402
 294.796	4.0062
 230.182	2.14355
 155.497	3.69074
 125.066	3.86703
 63.5758	3.56361
 49.2698	2.81035
 3.71679	2.91716
 284.601	2.2071
 244.541	3.50669
 246.532	4.3857
 242.242	3.03381
 223.756	2.71639
 218.137	3.56635
 218.447	5.84294
 219.281	7.70254
 207.49	6.67051
 230.934	7.92688
 230.972	6.79956
 228.479	7.12299
 228.516	8.98258
 227.564	9.57065
 217.614	8.77452
 226.715	6.93359
 261.931	6.14348
 288.789	7.19706
 292.439	3.69156
 269.621	2.56545
 332.462	1.60588
 261.202	1.89687
 289.004	2.77918
 256.425	2.99903
 263.751	2.36006
 191.375	2.48667
 170.448	5.31543
 162.413	7.88871
 186.088	5.0865
 186.586	6.02288
 198.743	4.81696
 210.731	4.88372
 207.662	3.25311
 213.008	5.4947
 275.538	6.14451
 247.503	6.33412
 225.88	3.48209
 241.72	2.47178
 225.941	1.57959
 271.16	2.78451
 261.878	3.19145
 255.026	2.81087
 255.773	3.37455
 291.925	1.74795
 234.472	1.37167
 150.307	1.65557
 111.438	2.12456
 73.1826	2.51333
 54.1867	2.82663
 16.0025	2.41553
 13.9522	1.56267
 14.7946	1.05321
 18.4812	0.74309
 85.7193	1.63963
 17.7929	1.50484
 6.107	2.37375
 306.824	1.65639
 248.246	2.0582
 237.256	2.77134
 240.196	2.68058
 227.502	1.6136
 217.183	2.09948
 185.399	1.76638
 187.615	1.55716
 180.331	1.8486
 119.101	2.70471
 130.937	3.37994
 118.108	2.69375
 122.589	3.05133
 101.152	3.0383
 58.7607	2.12734
 49.8153	3.89624
 3.48079	1.31327
 25.9904	1.25995
 73.0462	0.786828
 145.499	3.25945
 141.262	2.8487
 101.767	2.60443
 72.6812	3.11758
 20.9243	4.56354
 341.083	2.74391
 302.148	1.40778
 147.628	1.6896
 116.396	6.59505
 126.314	5.79423
 106.775	4.87272
 18.2674	2.54282
 328.39	3.64025
 306.081	3.49192
 285.966	2.49302
 264.731	0.650484
 64.7742	0.997639
 80.3145	1.63773
 66.8588	2.52569
 69.3821	3.40331
 86.2847	3.90969
 113.703	3.86003
 74.6256	5.93539
 108.504	5.94976
 112.647	4.02804
 115.575	2.08956
 302.557	0.355726
 266.84	2.49232
 292.033	3.27797
 261.771	4.38565
 258.686	6.74196
 246.291	5.19883
 199.4	3.70764
 217.616	1.8401
 202.988	4.03086
 213.322	3.79738
 251.729	2.96015
 244.637	3.4186
 228.877	4.84361
 231.399	5.13366
 228.982	3.47208
 281.442	2.30595
 280.828	1.98131
 228.723	3.05355
 200.079	2.69504
 181.013	4.04127
 125.07	2.85166
 143.122	1.86961
 181.9	1.26363
 352.134	0.899984
 340.786	1.42939
 47.0267	3.29121
 43.9278	3.73037
 34.1121	3.11661
 30.7093	3.99018
 15.7692	3.9559
 352.11	2.19195
 328.5	1.60031
 291.445	2.44057
 283.871	1.91574
 245.679	2.16011
 260.7	3.30509
 239.709	3.34927
 261.832	2.76168
 251.116	2.38952
 246.955	1.64155
 294.753	1.05467
 332.664	1.45368
 351.229	1.28674
 0.420034	1.13136
 33.6604	1.31414
 45.3035	0.926107
 149.199	1.28643
 145.362	1.82812
 73.3353	3.13194
 33.4209	1.79491
 48.4674	2.36478
 101.684	0.898054
 56.124	0.882929
 79.2582	1.42833
 92.7036	2.51574
 106.126	1.57713
 69.2192	3.48619
 72.0844	2.65192
 70.3075	4.66679
 90.2184	2.26265
 55.881	2.88569
 359.465	1.9513
 306.841	1.93591
 221.109	0.614106
 184.213	0.544134
 168.336	1.11706
 128.165	1.61789
 153.196	1.83753
 88.7104	1.63372
 106.501	1.83998
 155.561	2.86068
 180.929	2.67829
 137.442	2.68428
 128.936	1.64447
 131.711	1.2257
 258.015	1.49597
 241.795	3.27259
 237.131	6.85405
 243.348	6.5817
 250.839	7.76561
 253.32	8.55375
 257.924	8.91532
 255.239	10.5135
 252.97	9.49798
 251.582	8.0434
 257.728	7.54254
 245.624	6.51358
 233.382	4.98206
 204.503	2.23111
 188.125	1.70973
 204.388	2.87195
 225.402	1.89825
 188.078	2.97985
 190.566	2.84827
 226.933	3.03333
 182.493	3.22813
 186.087	3.8823
 146.841	5.46603
 154.645	2.69058
 188.801	2.65197
 159.004	2.24183
 169.263	2.49541
 220.976	2.28297
 192.178	2.4328
 131.856	3.80538
 172.353	3.6053
 187.434	3.28003
 224.84	5.80778
 252.334	3.91907
 274.499	2.35055
 246.351	4.03776
 257.724	1.58534
 265.852	2.71162
 247.701	3.21071
 235.778	4.24782
 260.291	5.17392
 258.76	4.92766
 266.7	2.17941
 288.945	3.27266
 245.223	4.32794
 258.93	6.31158
 263.269	4.54717
