117.7862	5.661
111.4847	6.0577
110.5033	4.4105
119.6521	4.0993
160.5443	3.1784
195.669	3.2575
239.4637	4.1387
265.6327	3.5213
264.0793	3.223
280.3473	1.7451
279.3143	1.1712
306.1341	2.3229
301.6731	3.0635
298.7373	2.6405
289.1238	2.8432
296.9693	2.7451
294.1031	2.9547
297.2893	2.2265
292.0468	2.0179
276.8714	1.0865
113.3306	2.1158
78.5428	3.1563
57.5029	3.156
53.8778	3.4153
51.152	3.561
65.3375	3.5252
36.808	2.5766
1.0218	2.174
321.8577	2.6062
312.1941	3.5665
321.7796	4.854
330.3261	5.4519
335.9973	5.9519
349.708	6.8045
341.1393	6.1979
350.0737	6.5754
357.0949	6.0772
35.303	7.4926
71.527	9.558
84.2362	12.1093
71.6623	10.2543
70.2178	10.6333
63.7198	9.903
65.6245	10.7442
60.9253	10.6177
60.7518	9.2702
56.0603	8.2158
55.102	7.1151
56.2653	7.1529
67.756	6.2091
77.4464	5.0578
117.3286	2.5657
120.3355	2.4408
124.2258	2.2279
125.2599	3.473
126.7831	3.0593
89.327	3.0553
63.1962	4.2456
61.7422	4.0858
47.2515	4.0848
21.7457	2.4532
305.9593	2.5139
261.1626	3.7152
252.0188	4.243
248.1226	4.1738
127.9891	0.3412
64.7576	2.5235
13.4145	1.3513
263.2396	1.8802
252.4337	2.6385
242.097	2.027
142.4517	1.2853
53.2997	1.6543
48.563	2.1255
24.7807	2.8086
17.0246	1.5715
352.4609	1.5167
350.0784	1.9393
338.0476	3.6629
311.3637	5.1496
313.7649	5.5432
310.984	5.542
313.983	4.566
312.0512	2.8682
309.0403	3.5538
312.3639	3.7443
292.8458	5.2709
301.9483	5.575
44.0438	4.4514
78.2541	7.0516
75.1575	6.3681
50.7515	2.7532
286.0682	2.7418
111.0085	1.935
62.7491	3.732
293.363	3.5699
295.2987	6.3301
346.7412	4.5475
54.3251	3.7515
38.2717	2.2814
292.1476	3.0352
286.3108	4.9581
288.853	5.155
304.0965	3.7458
11.5733	1.8804
100.6164	8.1183
83.27	8.0572
53.748	4.6121
343.96	5.1404
328.4244	5.3481
327.3831	4.3332
325.75	3.6393
320.2065	3.5508
329.0183	3.6941
311.2054	3.8501
298.5549	4.8965
297.2472	6.4631
318.2077	8.8592
336.6666	8.0761
334.8661	7.5372
335.8733	7.913
340.1276	10.8822
3.2992	11.7166
48.2529	8.212
101.6065	9.3354
78.3174	4.9176
23.7298	4.1197
44.7213	5.2585
5.2636	4.3415
0.1796	4.2324
338.5988	3.1797
349.4737	2.963
326.3617	4.3004
331.8888	5.9676
36.7338	4.2863
55.6277	3.9548
25.9476	2.3831
5.3956	2.6696
301.0437	3.1651
282.8386	4.0621
274.3618	5.1784
270.911	5.3202
260.7625	5.8002
245.1491	4.6773
226.2562	3.6813
220.2561	2.9654
236.4929	2.419
234.8234	3.568
233.0552	4.2648
235.2478	4.1966
242.3957	3.7881
267.1449	2.2792
253.5543	2.4353
225.2197	1.7172
222.5906	1.9461
122.6124	1.1161
76.7954	2.8212
57.3086	4.0218
44.6282	4.0694
45.6144	4.1546
42.0563	4.3553
42.0737	4.8304
35.0743	4.7919
25.3696	4.7799
8.7396	4.9705
8.7902	4.9463
17.6322	4.0759
12.6211	4.1128
5.2078	3.8682
2.3936	4.1944
345.4022	4.2773
350.0952	3.7584
345.0516	3.6578
348.3963	3.5817
335.9419	3.6952
319.8547	3.9322
320.6739	3.9029
313.9062	3.9921
318.6322	3.7097
318.1122	3.8706
320.0939	3.6269
326.6419	4.1654
345.7793	3.955
0.3424	2.5401
12.4385	3.1749
340.7101	3.8364
314.3701	5.0206
310.1658	5.2327
311.5217	4.0315
296.0018	3.1838
265.4642	2.171
212.6835	2.3765
163.3074	0.0351
309.4009	3.2017
299.39	3.9734
290.5746	4.1561
283.1602	4.0621
271.2387	3.1912
257.3609	1.2341
102.5754	0.8581
87.1932	1.3605
71.4639	2.991
61.8447	2.9591
48.9879	3.4946
51.7829	3.392
56.8113	5.5214
41.1501	3.5046
9.6482	3.6658
322.0561	4.0981
326.0286	5.1793
322.7857	5.1952
0.0915	3.5189
32.0925	3.3532
5.8461	3.3219
346.2715	4.8675
355.6555	5.387
356.2353	4.9822
350.149	4.4344
352.4352	3.9762
357.8175	3.97
330.3132	5.0906
326.6606	6.5428
330.2672	5.613
337.9765	1.9382
78.9843	2.702
88.643	9.9212
89.9529	12.6071
94.3596	12.7275
92.7021	12.2976
89.4384	10.3186
77.6666	7.4423
27.0246	3.2516
308.3186	6.5592
297.774	7.6469
260.1829	4.1352
157.2816	3.4592
146.4072	6.1312
132.3367	6.8545
106.0575	5.8278
105.419	6.7458
101.1311	8.9132
95.9197	18.7199
94.7441	11.7895
83.0278	12.2933
81.3867	17.8951
89.0241	17.377
108.8648	9.4838
126.8385	4.2809
104.5471	4.3601
93.7938	7.0827
90.5845	8.301
80.9819	9.2306
78.6888	9.7079
81.6691	12.6359
81.7196	13.5496
79.716	13.2056
82.5442	12.9795
85.6634	10.411
97.129	8.5426
99.3763	3.634
236.3409	6.2723
246.0197	7.6799
241.027	3.8823
55.4008	4.4325
61.1598	14.1441
71.8508	13.9427
91.7059	12.0891
90.9827	12.3546
81.2449	13.3794
122.6674	9.4953
168.2583	10.7153
143.3467	8.7236
146.0941	8.0844
143.2965	8.4126
143.9764	6.7317
138.8593	5.9052
122.2842	4.2238
79.5836	5.2198
52.7021	6.6772
38.198	9.7946
36.762	10.9881
23.0198	14.773
92.3769	12.6454
62.9115	11.4512
44.6749	10.3916
34.2094	13.7515
1.7784	9.6294
338.0171	6.9838
291.96	4.7137
246.3656	5.9423
238.5042	5.0178
230.4495	5.0058
227.61	5.428
233.5726	3.2697
109.0423	0.861
88.3597	2.4926
149.0124	2.5626
119.5816	1.91
130.2087	2.609
90.7622	1.5675
75.9814	1.3408
334.3645	1.758
293.2094	2.4463
353.5623	1.9852
7.8759	2.2693
355.9736	1.9989
329.1011	2.8676
320.6225	2.9833
312.9203	3.0537
328.5976	3.4563
321.2415	4.0099
347.2641	3.7652
351.0346	3.7189
351.0947	3.155
339.841	3.5979
319.8711	2.7012
318.8866	2.1213
136.0041	0.4431
113.7823	2.0228
86.7616	3.3473
88.5488	5.562
99.2781	5.2471
93.5768	4.7606
75.8146	4.2196
64.4458	3.2182
40.5471	2.4218
315.822	3.7376
292.2872	4.2851
288.7665	4.1593
282.792	2.7141
257.1059	2.3968
226.1361	2.2485
227.8942	2.0184
217.8669	1.9006
231.2471	1.5728
342.8316	1.2961
3.436	2.1359
10.3947	1.7128
357.3258	2.7213
0.6221	2.9833
38.8122	3.9286
56.8678	3.9604
35.6757	2.9389
328.0179	2.9428
307.3921	3.6876
310.135	3.9655
307.7907	4.7455
330.896	6.4729
323.8918	7.4107
331.7017	6.7906
36.7023	2.983
95.2161	5.1756
42.2866	2.4422
299.1631	4.1617
298.2494	6.1039
303.8914	6.33
305.598	8.6682
338.57	6.7574
74.7545	10.4923
85.2878	7.5683
100.5301	4.8567
82.3836	3.0785
53.6824	2.5156
126.4006	1.2654
224.4312	4.42
249.3195	9.173
253.837	9.616
250.6324	8.9244
250.8226	9.2643
247.8726	10.4747
247.3466	9.2531
254.9906	6.8689
252.7165	6.9456
240.8996	8.8019
241.2114	7.7244
260.6093	5.2891
335.9283	9.746
292.7128	10.239
296.8731	6.8632
345.8968	8.8059
355.9367	8.161
20.9117	6.9539
347.8373	4.793
340.8805	5.543
338.3918	5.5359
354.3976	5.8843
337.4828	4.6226
344.2326	3.9414
336.2351	3.7317
331.0603	3.3937
311.3918	3.7965
304.7768	3.7097
303.7459	2.9876
317.2723	3.2094
318.9488	4.1476
329.0212	5.6177
331.6326	6.9955
333.4528	7.8546
328.7272	6.7133
320.3348	5.9711
339.493	6.1196
5.5743	4.1527
102.0115	12.9512
99.3152	7.3063
12.2926	3.1431
322.9128	8.9492
337.6476	10.2298
346.0425	12.1413
346.734	9.9896
0.5363	4.0737
121.4432	6.3551
109.8375	8.2991
102.1653	5.5739
106.3146	4.2453
162.6513	0.6837
202.2548	1.6784
241.3353	4.5769
246.2783	3.9835
247.358	4.4722
244.3727	5.2849
255.452	6.8879
266.5721	9.4115
267.6138	8.5868
269.4004	7.143
278.5636	7.5287
286.5032	7.9947
265.9878	7.3397
255.9471	7.474
256.9047	9.4917
264.7891	9.1635
255.5565	6.8267
258.3241	3.9348
239.7595	3.2739
210.4789	1.9281
211.9979	2.2654
284.3301	0.8442
267.2577	0.9893
261.6029	2.9209
261.5459	2.554
303.2445	2.7272
284.7879	2.3544
307.813	3.5423
318.3079	3.3851
338.0902	3.5365
1.5448	1.6035
83.8199	2.2177
111.0391	2.8806
79.5665	3.8771
72.7343	3.3088
162.6462	1.408
239.4782	3.3211
232.3687	4.2129
221.285	4.3457
235.1523	4.4927
203.669	2.4916
83.013	1.5778
108.5775	2.7355
144.6398	4.4442
147.2784	3.4667
130.1955	2.8706
131.4508	4.5608
132.2944	4.6025
123.2623	3.8908
115.6225	5.0518
147.367	5.4397
183.9144	6.0898
167.8408	4.7175
151.9274	4.1907
154.5049	6.19
148.3209	6.0615
151.3494	4.1145
125.2524	3.2877
104.9712	2.8464
103.6561	4.168
95.1345	3.3503
66.1686	3.5294
35.6781	2.542
51.3038	2.2197
66.1621	1.694
14.4651	2.2018
353.0197	1.905
358.3888	2.7473
10.0173	4.1183
56.9202	4.3878
43.423	3.6972
28.719	5.9998
113.39	8.2222
77.9753	3.7311
323.5698	4.983
176.4981	2.5966
187.4996	3.5221
278.8252	2.792
300.3911	5.2602
326.5342	8.4387
51.0891	8.6858
178.4263	1.7365
164.7778	8.9604
147.28	10.8798
126.5814	6.7877
129.1663	5.7402
140.7159	7.5001
138.1107	6.2597
138.2618	4.0252
123.8578	3.9738
133.1584	7.2571
122.5152	6.6082
105.3499	4.0407
87.7796	4.5144
107.5621	6.8764
127.2071	6.3738
124.2009	5.7818
125.2593	6.6814
135.6513	5.567
164.3281	6.4747
153.6624	4.5428
136.9507	4.413
144.5365	4.5637
152.7605	3.9563
155.2697	3.4037
92.972	2.9922
92.5331	2.6651
47.5907	1.7205
333.0095	1.6253
289.6301	4.1731
285.3812	4.9843
311.9233	7.3714
301.0935	6.7607
293.709	6.3536
290.1586	5.1452
300.276	4.648
260.8547	2.4755
243.998	3.0924
316.7357	0.6856
55.8313	3.4922
28.4974	5.5175
52.8009	6.137
92.2552	9.1816
115.7393	8.6028
84.0757	4.0264
324.1373	5.3741
301.3467	5.7562
27.0839	2.5576
80.6168	2.1662
103.5312	1.043
225.9876	2.497
233.0569	5.2696
244.5653	6.4848
236.4344	6.215
245.9363	8.767
249.2014	9.0527
243.6456	7.1388
237.6174	3.5599
232.8438	4.9885
231.6618	4.3748
236.4872	5.4734
234.316	4.6311
239.0181	5.9386
236.345	6.174
236.4264	5.1774
235.4893	3.7357
249.1715	5.7556
264.0109	4.2015
267.0931	4.6256
266.3519	4.5562
272.1876	5.0899
286.3505	5.5763
283.8191	5.8654
269.753	5.9334
273.8216	6.512
294.5726	5.7182
279.981	4.8149
268.4823	4.9114
261.5504	4.5956
302.6371	3.9628
302.0166	4.2274
333.5915	4.866
88.0689	4.6711
102.3217	4.9214
81.8945	5.6505
71.4975	5.3713
75.387	6.0254
93.4167	1.4686
221.2071	4.3902
227.8256	4.8624
204.8824	4.5301
142.5802	3.9599
122.7915	4.1559
65.0919	3.1042
94.926	3.9212
106.0366	1.8145
161.9701	1.6699
240.3284	2.2744
230.9611	4.2094
231.2744	4.4973
224.6678	4.815
223.6834	5.3264
229.9586	7.5146
223.2895	5.9173
212.7494	4.5557
185.6661	3.0744
191.075	4.2714
174.3486	4.7435
155.279	3.4643
135.7962	2.8021
128.3515	3.3341
117.4646	3.5567
100.8712	1.3967
269.7959	1.8716
285.3447	4.0613
305.003	5.7759
292.4916	8.5558
283.6048	9.3753
282.5018	11.9459
285.1754	12.8192
278.3598	12.1958
270.7341	10.6985
266.9741	11.4128
303.6595	7.8989
334.039	5.3632
348.1879	2.937
219.1155	3.483
267.5812	7.2051
254.5248	7.9252
223.8792	6.9379
210.0379	8.1106
190.2937	7.1208
149.2067	5.2766
130.1201	4.0286
95.8831	2.1594
60.968	3.4052
63.2104	4.3044
66.5023	6.4703
59.4838	10.3204
29.8775	6.6883
321.5337	2.7157
262.605	5.3751
262.0895	5.8205
248.8314	6.8077
233.0958	4.7145
219.3748	2.1434
187.4488	2.4397
85.3712	1.1478
205.4672	2.0505
229.522	2.4052
230.2604	4.392
230.0126	4.2523
221.4584	5.0538
211.876	5.63
187.8536	6.7231
146.2902	5.9287
121.6575	6.3345
85.5607	3.1577
87.5175	4.6167
37.4005	2.5826
333.6558	1.7728
311.6938	2.9231
324.514	5.4412
355.475	6.5864
36.1188	2.4502
107.5122	3.5091
104.6363	6.4431
93.152	10.3375
91.8907	9.7325
70.0624	6.2592
72.3165	6.9767
70.5329	6.3619
73.9009	2.3717
247.8151	1.7996
223.5017	4.1024
166.0948	4.4504
99.4924	4.9634
72.2792	4.5624
92.6766	5.4789
110.5368	5.7259
127.1804	5.1954
115.489	3.881
132.6216	5.2979
124.4263	5.9836
114.5964	4.9282
85.2043	4.049
91.4678	5.4843
59.1769	4.7423
349.7365	1.1705
273.5943	3.861
220.5304	6.992
223.7324	8.5784
198.6295	6.8766
188.6143	5.4056
182.7572	6.5883
165.9791	6.1798
185.4969	5.2183
184.0228	6.8529
196.9191	9.5087
211.7474	9.8821
217.6492	7.8885
213.8964	5.4557
213.2914	4.93
199.4574	5.0791
201.0039	4.3716
171.6995	2.1274
141.6811	3.6782
132.4226	5.522
122.0386	4.3944
83.9501	2.2832
76.6193	4.1271
78.771	5.3126
80.1067	4.0783
59.4908	2.5724
80.9249	3.6361
74.1422	3.5126
89.8889	2.9015
59.7861	1.3689
74.9004	2.9386
58.7852	3.4232
70.0875	2.9931
58.1082	2.096
88.204	2.85
138.6575	3.5472
149.7556	3.2902
141.527	1.4834
112.9785	1.6643
154.6128	1.0672
216.0242	1.8113
233.4883	1.9749
235.8185	3.1933
219.7571	3.3073
224.8972	4.0018
233.7891	2.6278
244.8443	4.4818
231.047	4.2969
227.8918	4.3736
188.0456	1.6996
152.8616	3.0686
187.0911	3.5742
215.6682	3.352
174.8754	0.8622
158.6924	2.6205
132.8507	3.2282
149.4514	2.8178
63.7827	1.1708
78.8456	1.9698
54.8136	2.2516
57.5374	3.2303
50.0103	2.8827
117.2065	2.2547
181.4545	2.5661
209.3911	2.9149
236.4587	2.8994
249.6804	4.2281
254.1333	3.9279
257.19	2.9902
279.815	1.7306
310.4193	0.8634
58.8649	1.1549
119.2232	1.4103
0.5305	1.2266
288.3471	1.2331
277.8325	3.7192
260.196	3.9823
273.6101	4.0093
267.0918	4.6888
262.5007	4.8877
253.8708	5.1898
264.4217	5.1469
262.647	5.9967
271.5168	6.2326
257.8656	6.0175
260.8599	4.5189
269.2124	6.0232
274.935	6.3809
274.731	6.0592
282.6318	5.2843
313.3318	6.0802
18.6229	2.6365
114.3254	3.5563
134.0999	3.0515
107.453	0.9019
50.7054	1.9404
40.5241	2.37
110.1884	5.4848
113.3472	3.9268
108.3165	1.3347
293.0197	2.2441
298.1028	3.6126
333.4417	4.5197
88.3081	4.5946
115.1518	4.3223
121.3023	5.2213
109.1658	5.6719
106.3914	5.156
98.6749	4.2827
29.0984	2.3945
43.0734	4.3699
61.2817	5.984
79.4176	3.643
59.291	2.924
137.8123	4.8597
127.4257	6.3474
110.2728	6.219
69.0391	2.9501
46.8741	4.3894
68.3389	3.6316
29.5445	2.4365
69.8657	1.004
109.139	2.7764
158.8871	4.5335
135.3958	4.5786
143.89	3.4837
151.4775	4.6627
142.8879	5.394
109.7125	4.2786
59.0262	3.3268
38.9723	6.6889
55.8734	7.4623
54.3698	6.3115
50.0357	6.9103
49.7559	4.4543
42.3457	6.1896
21.7554	5.1557
16.1736	4.0272
356.867	4.7724
356.3821	4.093
313.6702	2.4686
307.2084	2.843
288.9116	5.1265
289.1576	5.5342
279.3695	2.91
250.8639	2.7004
236.0885	4.3276
234.2967	4.1809
230.8787	1.7552
11.6297	2.0864
41.6758	4.0541
67.215	4.3453
81.1278	4.905
82.4256	4.1752
82.1338	3.2888
124.4432	3.0499
170.1454	2.6809
154.3918	3.1042
176.0193	3.8365
200.2008	4.5008
219.1428	3.4587
240.0219	1.923
241.4766	2.7955
242.5258	4.0106
251.6154	4.0855
267.2075	3.2524
272.6436	4.6431
283.832	5.9629
275.2805	4.5363
288.7897	4.4656
285.0614	5.4533
285.8359	6.4007
267.9254	6.7282
259.2358	7.8993
256.4677	8.3621
257.3953	7.9003
248.8056	7.0366
246.1279	5.3
239.4074	4.6372
236.2704	4.848
229.9887	4.6907
246.1714	3.6237
247.9092	4.4649
260.4165	5.6437
251.1453	6.4746
243.6474	5.3923
247.0747	5.9045
250.6743	6.0783
246.0151	5.8104
244.6022	5.3481
244.0989	5.7307
236.3732	5.3597
228.393	4.3966
231.4217	1.9799
222.6937	2.1745
224.2352	3.0293
244.296	3.1214
265.9824	2.7542
260.2096	4.3438
263.7887	4.9213
263.4129	4.4893
274.7079	3.2314
283.644	5.0713
317.2907	5.4961
305.9765	4.8318
321.9458	5.5131
324.4392	7.3219
336.4674	7.539
346.3711	3.6661
60.248	3.0461
49.6279	3.0856
21.2379	0.8426
134.7978	1.7623
102.8817	4.0534
98.8251	5.9333
109.7667	7.2692
114.1602	4.4041
83.3671	2.0996
67.7796	2.8857
95.8118	4.2358
98.4651	2.9844
86.5061	2.0243
44.7652	3.7754
62.2298	6.5924
35.6316	2.6871
2.6633	6.102
3.2594	6.9938
17.907	5.877
29.3232	5.1424
49.4577	4.1864
57.0512	5.4987
60.5325	4.3657
335.6986	3.0594
9.7862	5.7747
76.911	8.3453
83.9108	10.7824
87.769	10.9307
99.9542	10.734
104.9739	10.9421
135.0173	10.0002
131.949	5.0831
67.3964	2.2488
44.1979	5.881
62.8713	7.8269
132.9053	7.5318
127.0002	5.3475
103.5538	4.2029
36.8606	3.3768
8.2042	4.3187
47.7006	4.708
62.6132	6.3597
86.1614	8.1289
133.1133	6.5872
143.0769	4.1539
119.8513	2.5546
67.3122	2.4394
6.5373	2.2274
36.6231	4.5347
59.9245	7.6577
83.5657	7.8182
112.2562	6.0189
107.7445	4.6995
137.4098	4.7047
146.956	3.8996
153.084	1.3417
154.5888	1.1926
237.4854	1.9723
254.0334	4.1274
258.8516	4.2115
278.6751	4.9059
301.2085	6.8687
319.6671	7.9186
323.7589	5.5941
344.0156	5.6254
349.4254	5.3811
1.311	5.957
351.7253	4.6071
350.3391	5.1969
346.2672	6.3804
343.1317	6.5775
348.0323	4.4057
354.4965	4.4278
355.1079	4.5236
14.3932	3.0486
168.3049	2.7196
180.8735	4.3564
188.2124	5.0613
216.6767	5.2401
234.4085	5.753
236.3627	5.587
243.6439	5.9018
250.0411	7.0219
241.5093	6.1439
249.7173	5.6895
257.2775	5.8788
264.5159	6.3385
260.89	4.913
288.0453	5.0081
286.9042	5.6817
289.1756	5.5436
281.4449	2.8546
292.678	2.2295
292.8295	3.2563
276.3565	3.7323
277.9847	2.5935
279.0617	2.5066
299.3955	3.9795
312.356	4.4762
317.3943	2.5529
334.5522	2.5548
345.9429	3.7245
21.8221	2.9389
86.518	2.2414
82.2165	2.1783
74.8209	2.8459
78.9738	3.3769
51.0332	1.7789
78.8491	1.743
108.3332	2.8263
158.3121	3.9204
167.9629	4.566
173.7692	4.1278
174.838	4.6818
188.7501	4.1575
189.6036	2.8511
171.6121	1.1572
171.768	1.4238
118.6651	1.6896
150.3195	2.0067
79.8177	1.856
90.8701	2.8056
128.7067	2.8417
212.5059	1.598
255.6548	1.5957
253.1298	1.5888
200.1993	1.8834
230.2989	2.1045
280.8	1.7535
301.445	2.6765
309.9428	2.5268
343.7624	2.7269
69.3198	2.2279
113.7671	1.8867
131.1594	2.6152
162.3978	2.1222
163.5237	1.7796
178.0235	0.662
162.1333	0.4318
167.374	0.8364
160.8303	0.4791
87.8087	1.8785
95.2499	4.8117
116.3444	4.3858
155.651	3.6871
165.912	2.9378
152.4583	2.8616
101.6072	1.8239
77.877	2.141
76.9829	2.7876
80.2262	4.2948
72.9061	2.2053
79.5548	2.9783
76.784	4.8891
72.0543	5.1317
62.4048	3.3674
58.1985	2.061
26.1979	1.1967
279.6525	1.8694
293.4193	2.2626
297.7247	2.0042
321.1159	3.1744
344.0403	5.1285
350.8734	3.6698
53.2465	2.2347
62.3212	5.5985
82.5525	7.0476
125.2975	8.2701
132.5124	6.5867
125.5092	4.6607
110.5757	2.9426
347.8095	2.1469
357.7842	2.6409
349.1536	2.1279
335.2128	3.1187
306.8384	2.7097
310.4853	3.3224
301.9011	4.2071
312.5901	5.4575
317.9022	5.0253
335.9098	3.8686
54.6958	2.9781
82.3251	5.3281
55.4058	3.2413
24.3916	2.261
351.3872	1.7843
288.9829	2.4943
286.9203	2.5213
273.1221	2.1783
264.9375	1.8706
188.1998	1.1628
145.1792	2.2112
128.4184	3.3665
120.9174	3.2505
101.4636	4.7752
88.5409	4.0834
109.0844	5.1963
113.8292	4.9649
117.9983	4.4823
94.6608	3.5852
54.55	5.4304
30.3954	4.7078
33.8281	6.4348
33.8933	5.0122
21.2255	5.1567
22.7865	5.0887
60.8437	4.9458
141.8227	5.1459
137.719	5.9955
95.6003	4.9669
77.1568	6.0475
55.7193	4.9194
0.7233	3.7272
304.8233	4.4448
305.6308	5.5111
289.8925	4.929
257.2011	2.7345
203.0195	3.2295
188.2889	4.8424
166.9972	3.7193
146.0065	3.2423
141.349	2.6217
157.9805	1.9668
232.6128	0.8209
259.4722	0.9837
337.7624	1.0901
45.2167	4.263
64.0863	7.2243
85.9487	11.7786
94.9004	8.0655
102.9353	9.6979
94.8202	11.3392
85.5342	11.5375
82.872	12.6012
77.468	12.5452
73.1977	14.2913
90.4583	13.3055
94.758	8.8992
186.7384	9.3613
150.137	5.6684
85.9333	6.2402
83.559	6.9081
74.5152	6.2446
23.8422	5.9543
33.8286	8.0377
37.5316	9.9015
58.7451	10.967
49.7015	9.9456
36.1214	11.89
80.7938	6.9954
120.8991	9.334
108.6215	6.8993
110.006	2.13
177.2296	4.5608
155.4865	6.2296
139.0219	6.634
141.1848	4.8853
180.9012	4.2628
197.8164	3.9421
131.1539	2.9223
92.6501	4.327
85.487	5.0833
69.9203	4.0008
45.3356	4.2821
46.0474	5.7233
66.8597	6.8883
91.5402	5.7542
88.6047	7.0858
63.5954	7.126
54.5944	8.5369
36.2538	10.711
30.9674	13.752
41.1699	9.9686
134.5851	10.1135
121.0855	11.5585
117.4334	10.6328
117.3152	8.5897
110.3144	5.9943
67.3219	3.9391
125.5774	9.2887
99.8279	7.9785
66.8455	6.8627
51.4494	11.997
67.621	7.4739
122.7688	8.0976
104.8513	8.0546
84.9671	5.3463
43.5938	3.0717
317.2819	2.6856
258.3376	3.647
229.1655	4.2413
225.3177	3.8767
232.131	5.1656
238.4242	6.2851
236.6719	5.9951
202.0094	4.0995
131.1579	3.0859
93.2378	4.9486
82.8363	8.8002
69.593	11.7218
70.7419	15.5003
85.676	14.5743
123.3274	9.5521
135.8713	9.9467
124.4887	8.1728
133.3684	8.4002
143.6727	9.16
145.57	8.293
124.548	7.3784
104.193	6.3488
66.977	7.0097
54.4842	8.2314
66.7852	7.8403
48.5529	8.6442
94.1042	7.7174
88.3034	8.942
70.3576	9.6087
68.0439	10.1284
69.0032	9.5963
87.9201	8.2066
119.8485	7.0846
115.4457	7.6421
94.5982	8.0575
88.6011	6.7964
73.9615	6.452
86.5022	4.2774
97.9472	3.9401
71.5304	2.7029
54.9676	4.1803
8.2553	3.1912
350.7438	3.7655
357.0959	2.9841
46.3855	0.4894
134.8884	1.8299
148.6496	1.9773
125.6257	2.0263
99.5282	2.3798
91.1676	4.0631
78.4184	4.7291
80.37	4.7908
76.7342	5.0977
69.9244	5.6105
62.8281	5.6316
46.0633	5.4898
47.2312	6.2162
39.5365	5.9459
56.6149	5.4307
53.8368	4.299
53.4051	3.2669
0.4487	2.6711
339.229	3.4353
315.9015	4.2586
313.0426	4.3838
309.6169	4.8741
311.6235	5.2734
311.4992	5.808
314.9341	6.1276
307.4805	6.2391
307.8597	5.789
292.7245	6.1176
284.8704	5.4518
273.8451	5.4357
267.0345	4.8084
269.5619	4.5203
289.4056	4.4586
303.0481	4.6846
317.5919	4.7459
319.9472	3.812
328.3936	3.6126
318.0804	4.0752
319.1142	5.4557
329.5709	6.2378
343.6967	7.5346
357.0868	5.6464
14.1896	4.8362
22.145	3.4984
31.6909	4.1738
35.2277	2.0873
48.9478	1.7149
55.0248	2.322
32.8749	3.1916
31.205	2.1455
7.8695	2.0244
346.0692	1.8936
359.2066	2.3564
325.5534	2.4907
323.7467	2.3102
302.7352	2.5471
287.4774	1.8199
270.491	1.6499
224.8382	1.6898
207.1664	2.8567
184.5916	1.9364
232.6327	3.0183
242.2695	3.4907
241.1585	4.8816
241.4625	5.2063
234.6284	4.6952
213.339	4.0933
231.6035	4.2116
237.5977	2.9597
251.9967	3.3353
303.6861	1.2864
331.1708	1.42
15.1015	1.815
6.8473	1.603
39.7799	2.5761
53.6725	2.9819
64.1181	4.9481
59.2801	6.694
58.4025	8.3676
55.9062	10.513
64.0831	13.4031
72.3898	13.0424
78.9018	12.2673
68.1982	10.0413
71.7747	11.0335
130.7632	7.9487
123.1149	6.0076
91.3225	6.1891
57.1518	5.8127
88.9494	8.6106
91.4502	9.0448
95.4034	6.9098
85.7487	7.8895
77.4639	9.7244
64.0917	9.8836
74.2664	10.0508
66.0297	9.2912
58.7683	10.3232
51.7056	13.172
63.745	18.0568
85.393	17.6956
80.1012	17.7024
86.1984	17.4147
85.4999	17.4641
87.0491	15.0902
82.3407	14.9036
80.2623	13.8185
88.7381	11.4638
117.3826	7.4722
91.6299	8.8792
52.9218	15.0071
95.6702	15.4011
116.4977	13.4872
129.1844	14.9671
123.6597	12.9631
125.881	9.6562
118.4243	4.8975
59.0104	2.0625
355.5265	3.4258
34.9925	3.8913
52.4675	3.6331
13.9583	3.0676
13.5124	3.587
4.9227	3.6088
332.0418	3.5122
301.73	4.4639
311.6009	4.4746
303.7314	4.3154
297.2861	5.2138
297.8559	5.6973
297.4142	4.1951
300.519	1.7057
36.0753	1.1484
91.962	1.7692
94.3591	2.5263
113.0752	3.097
92.031	2.9767
78.9995	4.3338
69.5748	6.3815
68.771	6.9614
61.4461	8.4144
63.3701	9.0638
59.5069	9.5959
65.3258	7.9898
103.9673	5.0662
107.7021	5.9296
146.2553	5.5239
182.8051	4.7436
182.4548	3.5151
169.5478	2.5854
97.5137	2.4123
29.4772	1.6061
319.9188	2.5108
290.5706	4.0573
293.8675	5.067
302.3166	5.888
312.3235	7.2543
316.0792	8.5509
323.7194	10.5053
322.189	10.8449
327.2375	10.9619
327.4661	8.1537
333.1057	4.8549
296.2451	3.3831
289.369	2.5177
270.2529	3.9529
279.7612	4.8246
283.3275	6.8981
300.1506	9.719
322.295	13.29
340.7952	16.3361
352.9349	11.8172
39.7217	5.0729
47.9344	3.0643
317.8609	2.5787
278.3444	3.789
281.3353	4.8617
290.6855	4.7492
296.0955	4.0687
296.7138	4.0727
311.6589	3.1357
318.5635	2.4881
352.0943	2.9993
303.0374	4.2697
304.9547	7.2354
317.0216	10.1547
330.4106	13.2671
332.7486	12.5055
337.6859	10.0987
326.393	8.2646
319.1793	8.3727
310.9482	8.8439
325.8026	7.6851
5.0067	3.8917
88.4823	3.8545
90.2429	2.9111
72.6305	2.4517
35.057	1.306
306.8594	1.0231
257.4898	3.2877
254.8265	4.7839
256.0457	5.2179
254.1916	4.2527
257.9644	3.5627
266.2306	2.2232
273.4418	1.1413
26.6573	1.1449
306.4821	1.5976
309.2959	2.2397
275.8111	2.909
282.1287	2.8871
290.8874	3.4627
304.9086	4.4766
300.3859	4.7656
303.0599	4.5887
295.9396	4.6892
299.3688	4.9315
300.5351	4.8469
313.2925	4.0497
306.6178	3.3532
296.8426	3.5708
282.3207	4.6665
286.2869	5.1793
283.8546	6.3226
289.4019	7.43
290.7064	6.6423
297.9766	6.3793
288.6431	5.9727
287.2786	5.637
286.5933	5.6079
290.4568	5.6388
294.6154	5.9053
300.888	6.4171
297.4378	6.6711
309.1749	7.0272
303.4949	7.8518
319.2725	9.5003
