224.9599	2.0335
150.8597	1.5641
76.4664	0.9414
87.4585	2.7608
75.8751	3.0748
82.7648	5.2033
72.2394	5.0889
68.5771	4.1063
68.6999	3.9818
73.4146	4.663
77.4095	4.195
87.8973	4.4707
103.0373	4.2175
108.1032	6.1281
128.6557	7.6434
136.7894	6.7589
132.4596	5.1287
121.3129	6.932
118.3825	6.2997
112.6195	2.4479
259.4777	5.3885
279.3318	8.2784
290.0367	8.2569
266.7936	6.1298
261.7358	4.7506
273.7629	3.083
221.0794	3.9212
181.2807	3.3992
136.4512	3.2066
91.4342	4.0827
75.8012	3.8398
83.332	4.2876
85.6386	6.6773
70.8101	7.1192
55.5049	7.0241
48.7661	6.4706
50.4609	5.4659
41.8398	5.1047
24.7615	3.9277
346.9467	3.6554
332.2597	4.603
328.2942	6.0197
328.3395	6.7768
328.86	7.8817
328.4467	8.9791
336.0541	11.3631
333.645	11.5089
337.8251	11.8308
331.3118	10.1997
326.4037	7.6033
308.3135	5.02
297.7279	2.8699
171.6209	0.8259
131.5618	3.7704
113.7834	4.9199
107.1486	8.458
124.4712	3.62
95.8541	3.8112
73.1924	4.0078
64.924	3.7017
58.02	4.1541
41.9263	3.6784
0.5007	2.8315
291.7066	2.6079
281.2136	3.1096
278.1017	3.3817
276.5343	3.5065
281.8077	3.727
278.905	3.4178
283.7141	3.1391
285.8599	3.7163
293.7479	4.6131
282.8407	5.3082
288.1808	5.5434
281.2637	5.2771
276.6231	4.2714
274.4587	3.0953
336.6192	0.5079
59.7725	1.8361
75.6179	2.5203
45.7081	2.0685
120.3115	1.3895
95.5192	0.9887
276.1363	2.1228
258.6616	3.5381
246.1161	3.9194
251.3177	3.4588
297.79	1.7676
317.9263	3.0519
324.1971	3.6712
304.2105	4.0561
306.8016	4.1589
297.4165	4.2893
301.5629	5.0117
296.6618	5.1928
311.5817	5.3433
312.583	5.2283
317.1634	5.7576
317.7001	5.9179
333.2012	5.1183
353.3255	2.4032
334.7732	1.2476
296.7981	2.3282
284.0956	3.4092
300.2765	3.1408
316.0242	3.6815
327.9335	4.0609
351.399	4.5316
1.4506	4.4773
25.6752	4.5282
47.2295	5.4131
68.4157	6.275
65.2599	5.8288
60.7722	5.5942
55.9823	5.4024
58.1941	6.1984
65.7105	6.0716
48.0009	5.0717
8.2292	4.2478
338.3406	5.5338
325.7198	5.5027
329.9036	4.8892
328.5274	1.8988
126.4604	2.1723
131.5012	3.1498
104.0722	1.694
300.5883	2.4363
272.8712	5.5024
284.2356	5.8241
276.5637	5.3854
273.4482	4.614
263.4261	3.7878
226.2843	2.713
154.1033	2.7538
129.091	3.5823
116.1471	4.2449
112.7175	4.2782
101.1214	5.3737
81.4001	5.8085
76.3883	6.367
86.6066	5.5113
93.7785	6.5517
85.2757	5.5453
85.8001	5.836
76.1246	4.7379
72.2317	5.237
67.0713	6.0345
62.4084	3.1616
67.8803	3.1933
74.085	1.7087
80.5762	1.4783
92.5955	0.8677
314.436	0.8786
256.3051	1.3523
255.5299	0.8158
151.7053	0.9747
91.9873	1.5421
56.8666	2.3451
41.3407	3.2472
33.0157	3.2334
28.4696	2.9777
35.2196	1.9418
6.611	2.1472
289.0979	1.9726
296.9964	3.1343
303.3194	4.4589
312.268	4.6482
320.3451	4.589
315.8039	4.0619
327.8733	3.915
329.398	4.8486
345.07	5.4485
359.625	4.5952
13.8328	4.3106
4.049	3.7178
4.3756	3.6913
2.4675	3.7432
355.0312	3.2175
356.2343	3.6511
343.9542	3.9739
326.1512	4.5023
330.9454	5.3804
321.3937	5.292
297.8639	3.9132
243.3762	4.7483
236.0624	4.1552
59.198	3.2318
57.7006	6.189
55.7538	6.9277
48.1975	5.6487
38.4191	5.0683
26.0019	3.8994
11.1879	4.2079
18.135	3.7023
6.6965	3.8911
346.0191	3.4938
328.1222	3.2145
1.3072	3.5713
17.0328	3.9058
351.7579	2.8021
265.3391	2.7879
252.289	4.531
273.2026	4.3919
300.6896	3.9243
297.1957	3.6924
288.0633	3.1138
281.3206	3.2902
281.5686	2.6476
259.6761	1.7839
112.6808	2.6452
69.4824	4.2319
58.734	5.5236
50.3467	7.4156
44.8816	6.7433
47.252	6.5474
58.0454	6.3317
55.9934	6.6028
52.1504	5.3488
1.0517	3.8831
330.5571	4.998
323.1759	6.073
334.2075	7.315
343.7892	7.2066
351.6587	6.2887
356.1094	4.8493
3.2481	3.6543
15.1034	3.5615
0.465	3.206
352.6704	2.694
7.6965	1.784
64.3257	2.0375
63.9106	3.5352
37.7143	3.7501
16.735	3.3136
331.1495	4.2302
335.3613	5.4007
343.7326	6.884
3.6369	7.6253
9.3639	7.8857
15.8142	6.7524
3.6926	6.3327
2.6542	6.2056
6.6177	5.5413
2.6708	4.8401
21.009	4.2633
63.0562	3.8933
116.5861	3.437
135.4362	2.9395
125.8853	2.5419
106.1857	2.2274
113.7569	2.1199
88.08	1.6499
58.2122	2.2601
45.9645	4.0209
22.4392	6.2187
24.1968	8.2594
34.1105	8.0804
38.0151	7.5627
45.3471	3.5455
196.4438	2.3266
225.3738	4.7677
229.2837	4.2464
261.5282	3.1361
334.3796	2.042
2.1747	3.7429
24.9496	4.9095
37.5792	6.9234
74.7256	9.6096
96.2793	9.5416
97.4166	9.2204
83.3687	9.3313
66.0847	10.2398
67.4105	11.502
75.7079	10.8831
67.8851	9.7214
53.525	8.1926
24.8915	7.3524
40.9747	8.7128
45.8351	11.0738
59.0461	11.7588
53.2229	10.1905
75.5986	12.1178
88.685	12.196
108.1468	10.7475
106.4415	7.0953
101.7841	6.6938
115.3433	2.6723
97.4009	1.6853
359.935	2.9127
25.1799	4.8435
31.1126	5.82
353.5714	5.6715
330.548	4.0476
269.1058	2.336
227.2317	6.1036
209.7475	7.3513
203.0897	5.4893
220.8925	6.0606
222.6613	5.2772
236.8951	4.3955
250.2751	3.6596
273.4477	4.4888
281.1433	4.5603
308.7254	4.405
316.5995	4.7891
324.0959	4.4155
327.1497	5.2001
334.9451	4.6574
333.6569	4.8484
334.3227	4.3048
329.2067	5.3767
333.8839	5.3582
330.5296	5.7777
335.3455	7.303
336.0293	8.589
344.4724	10.1513
346.6509	10.0086
342.5865	10.9508
343.1807	10.7267
346.6755	10.425
342.6809	9.9208
341.5949	8.2698
340.6471	6.702
335.5256	4.9162
352.8753	3.3518
346.001	1.4814
314.0688	0.7614
321.6491	1.6182
299.6069	2.8807
295.3913	4.8596
302.5262	7.3782
299.6783	6.3993
305.9124	1.9355
77.6122	3.4999
66.066	3.7972
44.7813	3.5046
12.4856	2.4437
357.8264	0.793
295.1199	0.4521
326.3465	2.8851
297.6121	4.0236
304.884	6.0916
314.7552	8.1032
326.1201	9.7438
333.3755	9.7878
343.3788	9.5026
341.3763	8.3318
343.7692	6.5366
352.6136	4.86
16.9478	3.1507
64.3557	1.1722
137.1536	0.3045
251.6547	1.54
220.1474	2.5549
197.6452	3.3062
168.5313	3.0098
150.1129	2.589
134.0518	2.485
139.0199	2.1052
110.1946	1.689
123.6589	1.3898
177.367	1.1214
187.8279	1.8729
163.4383	0.7711
140.3363	2.3078
97.4209	3.5405
103.1031	4.2134
116.7736	3.4263
137.7927	2.5114
113.5043	2.4223
99.298	1.6948
18.5172	3.4238
7.0033	3.4496
30.3071	5.2217
22.5525	3.6694
43.3264	4.6253
40.0183	3.857
30.3511	6.0487
335.7455	2.2643
320.2129	3.9806
273.3057	1.4342
109.8569	6.0222
107.4433	6.5779
140.2478	7.6584
133.9918	8.145
113.6743	7.1987
87.3495	4.0073
357.6132	3.4008
297.3808	4.2204
303.9839	5.4867
293.0233	5.0922
287.3524	4.7497
287.4688	3.6668
310.9423	2.6921
300.2594	3.4192
297.2446	4.4289
295.179	4.7067
329.5951	1.557
108.288	2.8074
84.7022	4.7929
73.1059	4.9576
71.0956	2.2853
176.2413	1.1359
202.6956	4.8773
199.3674	6.9067
181.1774	5.5586
155.2542	3.3073
121.2308	2.073
166.4548	1.8366
218.4974	2.7937
189.9199	3.786
190.2875	4.2089
165.7912	4.4065
171.8738	5.3429
161.2533	4.9165
155.9851	3.4471
157.5477	2.5116
164.2336	2.6763
165.9289	1.9816
138.459	1.333
167.9834	1.6742
182.2896	3.7844
190.9842	4.1891
212.1005	4.4901
235.3191	6.437
265.578	6.0905
288.0683	4.4516
298.2137	4.8208
282.0269	4.5473
274.8293	4.9476
263.5285	5.9997
260.4985	5.9985
267.6812	6.721
269.766	8
268.5764	7.0632
267.0896	5.9889
265.2255	5.386
273.0174	6.278
268.971	5.0845
277.2968	4.8283
276.7279	4.2133
289.0654	5.1272
294.3013	5.901
307.4888	6.4896
314.8585	7.4235
319.9403	8.932
313.4328	8.2119
315.0128	7.4958
315.5394	7.1516
306.7694	7.7372
293.4754	7.2548
295.3593	6.8426
282.4488	6.6527
292.782	8.2607
278.322	8.6179
275.7836	6.855
270.4984	7.605
274.3244	8.1328
262.8897	7.5564
253.6829	5.926
249.9645	5.5387
237.028	6.068
219.3655	4.992
187.9407	3.2446
121.6591	2.746
120.5809	5.6063
142.3135	4.1414
94.6668	3.7317
84.8428	2.7296
52.1141	5.0364
14.4168	4.5824
11.0682	6.5737
30.9188	6.1543
48.0109	8.4173
59.5395	3.7514
96.9211	2.6961
84.1104	1.0502
61.1661	2.0373
291.5608	1.5375
292.5738	3.9502
300.918	4.6611
327.8543	4.8546
330.5421	2.927
14.9477	0.39
162.3295	2.8451
172.2	4.2639
166.5223	3.8695
145.8039	3.1449
122.3766	3.2982
101.2049	5.0178
127.8028	1.8021
209.442	2.8506
193.3708	4.7664
163.552	5.6525
156.2319	5.6824
137.0668	4.4272
108.7596	4.239
94.4496	4.2913
53.3916	2.1852
344.2538	3.3171
299.5996	3.9421
313.999	5.0848
300.4792	3.5386
286.6008	3.7816
290.5588	2.8908
323.5757	3.4818
296.7122	3.4397
286.6514	5.4107
304.2084	5.9714
306.3307	6.3618
278.5542	8.0455
272.7446	10.17
265.4967	11.8343
264.2542	12.2142
261.2192	12.4769
256.0314	11.195
252.3767	11.0358
255.3444	14.2654
250.3658	10.066
254.352	8.6567
262.3327	9.19
269.19	9.0004
267.6496	8.3257
268.1914	7.9721
265.97	9.7969
267.1762	9.7143
265.9971	9.3212
263.6802	6.6886
263.8652	7.6062
258.6771	7.2493
259.0162	6.0805
272.7601	4.4374
269.0786	5.3253
276.4506	4.4483
269.1568	5.0798
282.0712	4.1081
282.8739	6.0694
298.7892	7.7957
295.8668	7.4576
287.5035	7.4125
282.618	7.3311
298.6398	7.9691
277.0539	5.3479
269.7673	6.0667
260.1401	7.4088
276.5043	9.571
263.779	8.5834
254.4353	8.3389
253.4562	7.5442
248.8135	6.1468
235.4643	3.9102
198.0123	1.9258
186.0591	3.3709
186.9905	7.3073
172.5004	4.673
168.1293	4.2293
172.6244	4.6716
170.9775	5.572
162.4013	4.9478
161.4709	4.0455
175.3505	4.8191
181.4171	4.3866
184.4147	3.8937
188.9211	2.9891
200.8692	3.6507
214.0418	3.8479
232.993	4.8989
254.9601	4.4099
250.6036	5.9829
245.7736	6.0555
243.473	5.119
235.1354	3.8473
239.2135	3.5217
238.1152	3.3078
266.3085	2.6005
258.0655	3.5444
275.0824	3.9493
284.1039	4.8257
294.391	3.3422
258.9747	3.8376
259.078	3.237
238.5013	1.8915
137.3519	1.811
119.8477	1.1934
42.1866	1.4217
298.6697	2.8502
299.1165	4.7596
295.5338	7.3562
317.1037	10.0308
12.1308	7.1976
75.0697	14.113
88.1398	15.0456
96.6389	14.8061
104.8068	13.4957
48.4042	6.656
18.7135	9.8045
40.2149	13.5501
83.2829	14.6256
86.6423	12.0445
75.7291	10.7992
80.233	13.1949
85.797	11.2446
86.4099	4.3941
225.5621	2.8731
227.0411	4.6975
184.3842	3.8873
99.2685	4.8943
57.4785	6.2806
51.5421	7.3351
51.6019	7.4201
44.1908	6.4039
42.8479	6.3578
53.8204	6.331
37.4966	6.9825
22.0647	7.4133
35.8246	9.6707
48.9155	10.8941
74.7988	8.7224
107.9795	3.4392
196.8632	4.1425
193.6795	6.3455
157.576	6.6488
131.4708	6.7239
109.4807	5.5341
119.6786	8.7344
110.3884	8.958
102.6866	7.1375
76.488	5.5894
92.6014	6.8977
81.3853	5.5051
130.748	4.1067
145.0105	1.8262
161.8786	2.0593
110.5685	1.8211
122.4261	1.881
269.8937	1.2999
229.1379	1.9775
198.0718	4.6197
183.271	5.1634
160.7141	2.2539
162.0524	3.0508
198.8519	2.9595
230.4207	2.9486
252.7642	2.2199
273.5027	3.3427
273.513	3.8422
280.606	3.6915
264.4591	4.3589
270.8498	5.4808
286.5974	7.0467
270.7089	5.5762
261.225	6.8596
250.1519	8.8379
242.4902	10.3681
228.6048	10.5096
216.9777	9.7858
210.8494	10.0979
207.1788	10.9831
197.2629	8.0834
184.7687	6.956
185.143	8.3496
198.472	8.8465
196.4041	6.4626
198.9863	5.4511
208.7682	7.5817
222.3832	7.934
227.1001	6.6004
236.9875	6.6516
244.9459	6.7622
255.0761	8.02
255.9493	7.0895
251.8619	6.135
253.6676	6.4991
244.2079	6.5205
237.8876	5.4661
240.7734	4.6427
260.6574	4.3781
285.3931	4.9039
284.6822	4.8224
270.6599	4.2247
281.9408	5.3772
300.7604	6.0176
292.5976	5.7847
295.1054	4.8756
294.2035	5.7504
277.0755	6.9938
261.993	6.6503
251.7076	4.9461
256.2827	5.727
264.8046	4.3033
229.6765	4.0753
204.2502	3.6676
198.5401	3.9116
193.3177	3.692
193.5632	2.3951
266.5522	0.8814
230.2141	1.738
226.3507	3.7918
226.4887	4.1997
235.5199	2.8574
243.3436	3.5414
232.5183	5.0688
248.9177	4.8363
249.5431	3.4352
256.1544	4.2543
247.3444	4.9693
257.4716	4.2987
267.5328	2.9229
281.0686	3.7927
274.321	4.2544
282.9097	3.2824
282.116	2.7279
302.2375	3.0997
13.5808	0.7895
90.2085	3.0022
111.4767	2.3145
132.8272	3.5781
155.4962	4.1801
177.5814	5.0877
175.2125	4.2986
171.982	5.2546
177.6234	5.4543
184.69	3.6812
231.1926	0.9515
5.939	3.4057
355.2266	4.789
12.9166	3.2789
103.9564	1.0961
210.5197	8.2093
186.2345	7.0388
185.0191	5.2764
214.0367	1.7256
301.2136	1.4826
332.8459	3.3202
336.9611	4.9307
339.1338	4.2471
11.9109	4.7774
77.558	4.1828
93.8282	2.784
36.0735	2.5178
44.371	3.4846
80.3571	2.3935
348.0815	1.6735
338.9801	2.4243
35.2813	3.3879
82.5027	6.0081
91.2951	7.5963
77.5788	7.5113
83.2699	8.5533
102.7234	7.5058
119.3897	5.3544
112.4414	1.7999
215.3499	0.8331
254.7014	3.1471
273.789	4.8578
274.28	4.9477
296.1623	6.828
313.6471	7.1973
318.3223	5.3571
326.6437	4.1772
337.2844	5.8785
352.2584	4.3591
323.1593	1.3801
333.5427	1.9446
317.7618	3.9706
323.5395	5.9609
328.0023	5.8058
334.587	5.7249
352.6751	4.3306
68.2581	3.6034
100.952	7.3398
109.3382	6.1987
104.2719	6.0497
92.3334	4.4841
92.0889	1.6488
221.9907	2.1383
210.5894	4.8091
216.7195	4.9812
225.245	5.1679
237.9655	4.9351
249.5141	6.2448
252.8423	7.2098
252.0752	7.3194
248.316	7.5198
255.1423	8.1065
256.7323	7.92
254.5274	7.191
242.2608	7.3765
236.291	8.7196
232.6388	8.3344
239.8748	5.7574
271.4361	2.2809
350.9106	1.4614
73.7623	0.9739
354.213	0.9115
337.7326	2.2578
334.3194	5.4633
352.4694	6.324
19.6267	1.7911
33.6813	1.6768
153.0476	0.7957
210.1016	3.4827
233.8391	4.1231
245.0762	4.136
255.8214	5.0212
0.1829	2.9581
85.0297	4.8185
76.8683	3.0593
107.4374	3.8203
146.4415	4.3102
174.6014	4.3891
185.0293	6.2619
174.6847	5.8545
167.1117	6.2152
156.0636	5.4735
127.9901	3.003
108.046	5.4906
103.0547	6.881
85.8087	6.8701
116.5452	5.302
118.6905	5.6438
122.3933	6.8695
127.5391	5.8755
134.4626	3.3518
147.6612	4.8069
141.7394	5.294
129.7982	3.9847
83.597	1.6362
82.6056	2.8654
114.3525	2.7385
127.0052	1.4566
284.0116	2.0328
278.3958	2.707
226.4914	1.5584
190.7536	0.9333
232.1588	2.2199
287.0231	1.7167
214.4914	2.1176
229.2843	1.7006
330.8087	1.4954
64.8267	1.8452
92.1466	2.7154
46.6682	2.7603
25.3359	4.1021
64.0564	7.6337
141.6707	6.0681
132.1793	4.9218
106.5673	4.5621
112.8037	5.8001
123.6156	5.8011
120.3459	5.0204
79.5099	2.1787
106.841	4.9356
108.251	6.8683
109.3053	6.904
92.376	5.9434
76.1253	8.9283
71.5973	10.8769
79.8281	8.2758
77.0022	6.29
92.0892	4.4502
144.7952	2.941
165.1099	3.0482
159.2896	1.3245
130.3696	0.5629
90.0014	1.9313
122.1877	2.1269
93.2375	1.5833
114.7485	3.1311
113.475	5.1731
123.846	4.1006
102.8857	3.134
94.3092	4.2924
106.0796	4.2443
89.6488	3.8494
63.6959	2.4786
54.4085	4.0548
76.8938	5.0774
39.1391	4.0565
44.8247	4.4559
82.5226	5.0865
87.6941	4.0885
54.777	1.3904
42.5698	1.3322
134.6714	5.2704
102.1902	5.8672
97.2788	6.1471
76.9803	4.6425
104.9571	5.969
104.1951	5.5342
72.344	5.316
32.1501	5.1866
43.4268	8.35
95.358	6.7454
86.0037	6.2345
62.9981	5.3291
67.5038	8.4861
76.3263	11.1413
70.2987	10.4031
94.4155	9.7721
105.516	9.1563
109.4069	8.4019
91.2205	6.7952
99.7581	6.8158
97.1767	7.9183
91.9902	9.8179
80.4024	7.1125
78.0729	5.5481
56.5357	8.34
53.8831	11.2428
77.5086	10.091
74.6874	7.8064
66.6586	7.3048
83.6812	6.2292
77.8652	6.145
142.8904	4.8703
147.1956	5.0096
127.629	5.1727
127.5656	2.0779
65.368	0.9914
191.8805	1.9203
184.2553	1.0754
313.1864	1.0073
313.5347	3.4619
344.51	2.8861
32.1524	2.7344
50.0664	3.1247
67.9501	4.9007
75.5276	4.8037
103.0519	3.4005
270.5478	1.6767
285.6439	3.1894
335.091	2.0389
72.602	4.0466
181.0875	3.7007
226.5434	5.8477
240.4585	6.9577
251.7932	8.8155
246.1009	9.6921
238.4686	8.9639
231.5815	8.9121
239.6752	8.6263
241.3246	9.188
241.9355	8.1059
243.6653	8.8118
249.2354	7.5597
247.0362	5.3412
241.0862	4.1917
259.5132	5.4767
260.419	4.3184
266.2721	1.8916
255.6896	2.0184
265.8606	2.0248
309.7914	1.0313
326.0258	1.0702
305.1775	2.3054
349.3925	3.2072
60.9896	3.898
86.8431	1.7593
71.4483	1.9572
77.0174	2.5171
106.3507	4.6141
86.4921	2.8354
25.9201	3.8846
6.6149	7.9008
29.0897	7.8665
60.2547	4.7727
40.431	5.9404
69.7019	7.6493
102.7111	9.3782
107.3932	5.663
63.8307	3.0234
14.1113	5.8482
20.0427	7.5343
40.2941	7.136
42.6643	6.647
40.6164	7.326
40.6537	7.6492
51.624	6.8129
84.4675	6.8511
122.2436	5.2974
145.9982	3.4103
187.083	1.2675
255.3381	1.2257
238.1507	2.7197
256.9887	2.5772
274.356	1.6367
333.8765	2.195
331.085	0.4116
101.7637	1.7188
276.8445	1.67
265.2059	4.7587
285.3305	4.8859
36.4269	5.9266
63.6261	5.7914
12.677	3.8191
30.6206	3.6841
81.1529	4.3531
80.7109	2.0151
308.2506	2.2981
325.2726	3.3806
353.58	3.3588
327.9899	2.3163
325.3092	3.5125
313.7782	3.3576
302.3544	3.5112
244.411	2.8159
260.7037	3.2084
244.7001	3.3703
227.7473	4.0443
209.2177	6.7294
200.2816	8.0843
191.5991	6.5537
187.4889	5.0286
163.7833	3.2088
181.4952	1.3481
212.2626	2.1031
234.4996	3.5291
227.9602	2.3493
230.6841	2.621
231.8704	3.5657
245.7482	4.3159
240.0907	2.3225
245.9863	2.0985
243.6791	2.1713
249.3744	3.36
252.3461	1.8805
256.0403	1.6173
288.4817	1.9136
292.8521	3.5466
287.8569	3.0854
283.9791	3.7286
285.4621	4.9287
304.7699	4.9424
301.3021	3.0551
5.4254	1.9606
68.4471	5.0455
87.5245	6.2717
75.5447	3.4947
15.8918	2.5673
3.4987	3.3824
46.7099	3.7506
2.1441	3.5067
2.132	5.8399
14.578	8.4557
28.3171	7.7414
26.5999	5.6985
68.5013	4.2886
131.0423	6.0326
163.8177	5.3357
177.7221	5.2414
190.8044	5.0367
200.0331	5.8172
206.3444	6.174
204.642	4.6066
217.3667	4.3295
234.2758	4.5165
250.5321	5.661
247.0763	5.4144
255.9343	5.4518
281.2776	3.4477
41.0399	3.8473
63.65	4.2516
73.6469	3.4795
87.1258	3.2147
111.5221	5.572
94.2218	3.9186
66.9301	3.8625
37.8244	4.5931
52.3189	6.7445
57.1795	5.5431
42.7408	6.6449
43.7405	6.4812
55.6025	5.5651
85.7382	2.5254
171.654	1.7822
199.3277	2.8643
224.7883	3.8936
230.7534	4.5577
231.3452	4.4831
239.5069	6.3738
246.4531	7.2532
239.0346	6.8586
229.2412	5.3986
227.7907	4.3341
190.1909	3.6215
151.0194	2.4692
96.9962	2.6246
52.069	1.853
338.5281	3.2376
307.9418	7.4072
326.2333	7.6452
349.9077	3.882
82.9544	7.0541
21.9331	4.476
330.3762	7.904
49.4865	7.473
79.3754	10.9942
84.1413	8.6434
92.3813	8.013
96.3116	8.9425
109.768	8.5745
102.7977	4.8907
36.3123	3.1763
344.0369	4.5758
331.544	5.3233
327.9448	6.0103
356.5923	5.8357
27.9671	4.6769
51.8729	4.3691
25.4517	4.3961
359.2896	7.5155
4.0226	9.0124
12.5687	10.7059
67.3696	9.2016
59.7453	8.6789
55.0606	7.7641
64.6695	7.0311
60.6316	7.2513
62.3433	8.6984
38.7508	9.7294
30.9015	12.922
44.9331	12.1542
58.934	9.942
59.2008	5.9092
88.1362	3.4732
8.1396	1.3498
320.566	5.058
0.1855	3.1146
93.3797	2.5113
122.8041	2.6019
159.6613	3.2476
198.7402	6.5795
188.2677	8.2681
162.6902	6.7695
127.7407	4.476
94.2208	4.3629
68.9417	6.756
48.7171	10.7278
63.2203	12.351
66.8554	12.2008
66.4887	11.4865
54.0709	11.4112
52.4145	9.9647
48.3431	10.1253
62.1965	10.7272
62.9219	9.2988
56.7941	9.6943
55.5153	7.0936
18.117	3.9969
347.2023	4.1991
91.7777	4.6656
134.4463	10.3127
112.2837	4.8234
137.7649	2.6779
140.4618	5.1356
111.0055	6.7843
94.8236	5.1514
7.4566	5.8884
355.3254	10.0758
11.512	8.8755
33.927	7.8185
48.9356	7.2275
30.9711	4.495
54.6694	3.6925
101.5143	11.5435
82.3732	12.7222
75.4661	13.2853
67.8335	11.7314
76.0367	12.0786
98.8651	12.2918
114.6055	9.912
103.5771	4.8827
312.9311	2.5928
298.3657	7.4783
279.4111	7.5644
269.0663	7.141
303.6474	2.1564
111.8442	7.8219
79.6153	7.0351
47.9679	6.6165
57.5405	6.6895
79.2376	5.0337
87.488	5.3825
72.292	3.1696
73.2229	3.127
106.5836	1.5343
99.8377	4.8572
77.3853	4.1784
0.0746	1.3792
245.2943	5.5741
223.5834	7.9481
189.0732	7.6203
130.7332	9.0724
103.4203	5.8697
103.4998	3.4841
111.8359	5.5327
96.4583	7.4664
94.1437	5.9621
93.3672	6.248
90.2507	6.3858
93.35	5.8188
87.2513	5.3924
70.9157	3.8149
55.903	3.2852
1.626	1.9053
319.0237	0.702
228.9994	2.9133
206.5089	4.4375
187.9272	3.4488
133.1171	2.4249
86.7208	3.0825
73.2891	3.856
63.5128	4.4803
65.6256	4.8636
63.07	6.2265
63.9129	7.8936
61.685	8.1884
88.3389	6.5721
92.4016	5.079
85.9882	4.6493
57.4266	5.2116
29.1143	5.869
9.1771	6.618
352.8545	7.2573
344.2395	7.3859
332.7948	6.7542
340.6557	5.8562
346.002	5.1129
353.8903	4.996
339.1793	5.1903
332.4977	5.519
321.6549	5.1601
316.322	3.9691
299.0661	2.3047
109.4293	2.2304
84.8602	3.1769
57.292	2.7922
2.025	3.2618
334.1964	4.8445
328.8296	5.2134
337.4009	4.5885
327.7936	3.5619
321.2851	3.656
294.8587	3.498
279.3628	3.691
265.6595	4.2615
258.3769	4.8302
262.2432	5.1223
264.4568	4.3864
284.8473	5.2718
293.7301	5.2802
285.613	4.5431
290.121	3.1324
294.5894	2.9941
334.0212	2.1613
13.9139	2.8015
40.0043	3.8432
50.3047	4.6084
54.6071	5.407
49.8183	4.7781
22.6997	4.5785
353.1179	4.677
338.6147	4.9039
329.6861	4.5012
339.6008	3.6817
297.6647	3.765
301.2074	4.8713
352.1562	2.439
76.2686	7.4221
89.068	13.7187
86.9463	13.1179
101.228	9.7552
90.6635	5.9661
60.7948	3.9828
34.1388	2.8655
7.4493	2.8016
344.8623	3.0541
7.734	2.718
52.4396	5.0433
57.3528	5.7428
49.8845	4.9102
48.2749	3.7603
48.5686	3.83
44.12	3.8703
39.4006	4.0068
3.9195	4.3812
359.2817	6.111
352.4364	6.9164
355.1468	7.5433
8.6377	6.7689
20.0854	6.8043
21.5732	6.6395
1.723	7.2676
4.799	6.5055
334.0019	6.9179
353.3586	8.7258
53.8109	6.6043
86.8637	6.2217
90.6918	7.4839
87.7214	7.7649
28.1643	3.904
319.9981	4.5925
81.8698	3.1492
92.5295	8.6794
80.687	7.7662
75.0295	6.7816
56.6093	4.8715
334.2133	3.5683
287.8353	5.1964
281.7475	5.2647
246.575	4.5531
234.6792	3.7189
221.8979	3.635
168.0528	2.74
125.0439	6.7938
115.2512	5.4048
96.3555	6.6811
84.5151	6.2326
67.9088	5.8274
59.42	5.8647
59.0431	6.6689
65.4802	6.9591
63.0895	8.0705
57.4981	10.0961
69.3838	13.3362
75.8637	13.9395
77.0605	14.8173
78.1034	15.5124
82.6853	15.6758
83.9851	14.8049
83.5662	13.7307
86.0014	14.2865
85.332	13.4965
79.987	12.5121
75.0785	9.6497
59.3262	5.5065
38.6769	4.0738
38.884	3.8402
64.2852	5.0684
64.9898	4.043
23.9928	2.4672
344.5158	2.018
58.6818	2.9218
28.7826	5.4635
33.2353	7.3898
35.1149	7.5065
34.1561	8.5728
36.7519	7.9002
24.1232	6.2072
69.0874	4.5569
129.5789	3.2336
170.6849	3.8271
177.805	3.3422
182.2682	2.6766
225.9846	0.7908
276.058	0.479
354.031	1.5213
327.5517	2.0793
336.5405	2.8344
343.1938	3.5741
1.7301	4.9155
9.8598	5.0657
30.4775	5.6352
35.4557	5.6481
51.2902	6.5644
68.3434	7.3467
82.138	8.8871
98.7786	9.1433
106.7595	9.1142
113.0511	8.0018
121.3703	7.3185
118.0656	6.3157
105.5183	7.5079
107.7579	7.1503
103.0323	8.9434
107.7084	8.4692
109.3174	8.6951
102.0626	7.3447
94.8746	8.3083
89.0925	7.7291
81.9753	7.5632
82.8969	8.7142
86.5766	9.8499
85.9604	9.7789
86.698	9.9407
87.4602	11.0856
90.3487	11.9718
103.0037	12.4195
106.295	11.5608
104.4516	9.7086
98.4899	8.2443
93.7276	7.5721
85.7327	6.64
78.2908	5.6172
55.5051	4.8291
61.1536	5.2883
57.8284	5.2216
48.1508	4.1921
52.6572	4.3536
64.7292	4.0439
64.1253	4.2407
82.1849	3.5605
77.179	3.2941
70.9822	1.4785
29.6453	0.5707
284.6601	2.892
284.4485	4.1728
291.624	5.3581
313.2494	7.2744
309.626	8.248
319.1442	9.3636
322.5078	9.2603
329.7807	9.2253
334.6203	8.3093
340.3408	8.6745
343.1298	7.8024
348.5118	7.2434
345.4276	6.0327
349.9122	6.5768
346.3004	6.4413
354.3418	6.9449
358.7269	6.1452
1.8374	5.7021
0.7737	4.5231
6.6039	3.9398
6.1931	3.1424
22.8779	3.1265
41.9878	2.5745
52.4958	2.7206
53.1797	2.5917
44.7463	2.5778
19.196	2.233
356.0579	2.7091
344.7312	3.8491
351.8457	5.3084
345.3771	5.7927
344.271	6.9441
345.0073	7.0944
346.7716	7.2291
346.1367	5.6271
347.962	4.5118
342.308	4.036
326.7387	4.3202
319.519	3.9307
315.4878	2.6543
303.9349	1.4492
262.5668	2.9353
258.8586	3.8911
262.3302	3.9294
278.2495	4.9462
295.3226	6.4915
312.4248	8.5398
338.2784	8.6293
38.7266	8.7024
50.1347	10.0952
46.1146	9.2581
52.6593	6.871
84.4991	8.38
93.967	8.886
