43.3703	5.2294
52.4877	5.0781
50.5761	4.1821
47.0501	3.7484
40.3706	3.0718
35.9471	3.4189
26.6116	2.8533
28.0046	3.2867
29.3412	3.6655
29.6172	3.5426
41.1264	2.9528
4.7239	3.0966
20.3006	3.9171
79.8716	3.3404
60.9626	1.8429
48.0786	2.6863
82.5184	2.7621
58.1441	3.6928
35.8956	4.6144
53.0569	5.5082
50.0392	4.7401
30.5552	4.7702
46.8746	4.809
39.4281	5.1191
45.4172	5.0425
45.8021	4.7921
46.0859	4.6363
46.9915	4.805
39.9648	4.1463
56.528	3.9027
111.8901	2.305
142.8568	1.2924
301.8957	0.1407
62.7393	1.1396
61.9021	2.1217
68.0891	2.689
79.9329	2.7836
62.0513	4.0787
54.7105	4.1253
50.471	4.8404
46.2773	6.0282
46.3145	6.4906
56.4387	5.9937
62.9154	5.5578
71.1684	4.6327
72.1185	4.7446
58.9282	3.6874
44.5392	3.6396
38.6098	3.2672
33.5684	3.0643
31.7975	2.7896
31.9083	2.8831
35.0594	3.1535
35.0086	3.4569
32.7589	3.6089
36.4365	3.4742
31.9708	3.4568
31.4115	4.2849
26.6717	4.4365
28.4535	4.705
36.6084	4.2409
48.2104	3.9361
43.7244	3.1355
27.0858	3.3488
37.2829	3.661
48.295	4.0063
50.2245	3.9874
40.5726	3.7995
28.0144	3.8624
14.1147	3.9162
12.2905	4.3757
22.9701	4.4231
33.0542	3.5766
95.2955	2.9268
80.0926	2.5488
24.7898	2.6116
334.0292	2.1736
292.0767	2.3657
16.9682	3.995
56.1704	4.7744
28.8371	3.9239
32.1653	5.2289
17.4109	4.7126
12.3446	4.677
29.1721	3.0211
84.0497	3.8812
89.628	4.1075
68.7779	3.1135
65.0278	3.5725
55.1964	4.0247
71.2917	2.2722
53.963	2.1893
32.8804	2.9343
33.1375	2.767
32.6582	3.2337
13.4083	2.887
19.711	3.248
19.8584	3.8829
28.8399	3.7996
7.825	3.3584
2.6731	3.5861
36.2188	5.9281
38.3168	5.4137
60.6036	4.3219
67.144	4.3448
68.663	4.9033
63.8861	3.7114
57.9049	2.5301
19.9155	2.0658
350.972	1.7566
285.6407	3.2393
288.88	2.5431
26.7888	1.7842
254.7831	1.0585
305.0476	1.7319
35.9783	2.9015
41.1402	4.0136
39.9805	3.5279
36.523	3
34.3895	2.9117
79.6288	2.9467
63.923	3.5395
62.9678	2.8709
52.6314	2.1837
57.5976	2.8964
53.6306	2.8778
72.0883	2.2172
86.4797	1.4447
85.058	1.3487
100.1489	1.2292
112.5486	1.3847
125.6211	1.3564
102.0269	1.0983
81.4225	1.5373
78.7661	2.2406
67.5963	1.469
41.7446	0.9364
250.8794	1.082
244.0432	1.3211
239.1151	0.9115
255.1398	0.6132
52.6242	1.694
57.0579	2.8248
45.9188	3.2264
49.3991	3.6136
44.9199	3.6568
32.7584	3.3006
25.316	3.0795
27.8094	3.075
29.1447	3.9819
29.812	4.7147
36.8504	4.974
40.0861	4.9834
49.1125	5.0596
66.1314	4.4206
64.9508	3.8311
32.2464	1.9266
305.0238	3.2784
333.0601	2.9185
24.4841	5.269
25.8755	5.1896
66.7402	4.0275
93.1244	3.4079
89.955	4.4346
82.1519	5.3211
71.9151	7.0878
76.1633	5.6309
80.4601	5.1439
96.1879	4.3812
80.8916	3.6493
62.0972	3.3247
57.3759	3.5724
50.1818	4.3571
45.7549	5.4999
54.6462	6.3374
59.2697	5.4082
58.803	4.4909
59.3168	5.5839
60.8207	4.1791
76.598	2.8925
51.7267	3.1464
38.1455	3.9902
34.4023	4.0801
40.7383	4.3081
48.6383	4.6782
54.2026	4.5597
46.9854	4.2113
45.0682	3.8743
56.9389	4.1673
66.8275	5.4121
101.7269	3.7429
95.2231	2.7072
87.0815	2.7441
78.5092	3.3019
73.3993	2.7016
63.4468	2.004
37.7893	1.7573
23.6688	1.6361
21.8453	2.5965
35.8635	2.0687
31.9258	2.9183
38.4314	4.245
30.15	4.3473
34.2664	4.6563
33.2767	4.0617
44.9968	4.4304
70.791	3.9992
67.0771	5.1292
51.0129	4.7226
51.6096	3.7662
41.5586	1.8219
47.6116	1.6303
76.2751	1.994
96.3871	3.4453
80.5264	2.9019
85.2924	2.683
56.6086	4.2555
68.0573	7.1247
67.0062	5.0206
60.9923	4.0667
54.0886	3.3997
60.4883	4.5156
51.52	3.638
47.013	3.0086
41.2088	2.5506
65.8097	2.6957
56.3615	1.2277
117.3344	1.0448
150.4513	0.9295
207.067	0.8865
220.8935	1.0958
215.4239	2.2824
216.6428	2.7774
248.6527	1.9665
261.1513	2.3001
16.0058	1.2796
41.4032	2.5532
35.2926	2.2119
15.838	2.129
29.0483	2.7116
47.5363	2.6427
56.4703	1.8282
107.6161	2.4336
181.9301	1.8084
163.1714	1.7761
102.262	1.9568
82.4964	2.1791
65.1195	2.1149
40.1706	2.4417
42.9829	4.3295
8.8517	3.2246
13.6011	3.3215
39.4288	4.9974
73.2188	5.5255
87.4816	3.9111
56.829	2.8369
31.5405	2.3607
37.4313	4.4995
31.5678	4.4681
30.3263	5.184
25.5237	5.9257
30.934	7.5919
32.1759	5.0284
81.0884	4.9488
62.9907	6.1465
75.2959	8.2558
84.3141	5.5964
86.6152	4.1298
82.1843	4.4917
71.3885	6.2743
42.415	5.1439
28.2493	5.0204
34.0497	5.4349
66.0025	7.4095
107.5741	3.7706
104.2084	3.0538
173.0226	1.5749
191.2199	1.3889
175.4453	3.036
168.9758	3.521
132.4246	2.697
93.8706	3.5204
56.8507	2.8986
33.2029	4.0426
29.8548	5.5706
33.34	6.58
42.8525	6.3564
68.5025	5.7874
110.804	6.7027
108.0487	7.6952
121.2114	4.5425
136.9608	1.5931
74.5724	2.3348
43.6098	3.4521
31.3108	4.3047
41.8897	5.5603
42.3457	5.7072
44.4304	5.8123
44.0307	5.2776
46.5024	5.1529
63.6016	6.2231
59.2489	6.4685
74.139	5.4247
32.2516	3.6349
337.3425	3.1347
60.0944	5.1704
68.0003	4.2096
88.66	4.525
145.0343	5.9924
82.1833	3.9489
38.623	3.8161
24.3847	5.504
42.9455	5.8211
60.7213	7.4445
88.3351	4.9758
70.7129	3.5296
54.1661	3.6392
57.0948	6.3579
37.2364	3.9328
41.3953	4.1053
37.3605	4.2226
52.5712	5.6745
27.1225	2.1052
14.0961	2.1651
91.9666	1.6183
56.8998	4.4597
30.4852	3.4718
19.5515	4.3327
36.8164	6.2733
57.1922	8.6216
60.751	6.8229
73.3036	8.2059
83.16	6.3357
80.749	5.3358
109.1186	3.9717
121.7812	1.5745
87.8372	2.8091
87.8661	2.9055
75.5576	2.6726
103.8136	2.1804
103.3364	2.1394
118.3619	3.7698
94.2232	3.4928
70.327	3.7391
60.4581	4.5376
53.9074	6.8684
52.0846	5.2733
51.0837	4.532
53.7149	5.2456
77.7962	6.8396
78.0693	4.7939
54.3046	4.419
62.1275	4.7024
69.9108	7.1181
70.0678	5.154
70.7031	5.2415
73.4136	5.5975
79.0239	7.4233
72.7012	4.3729
47.1092	7.4629
70.352	6.2876
72.8479	8.9053
98.9328	6.3503
76.183	3.5097
149.0843	3.0671
133.7799	6.1268
113.2798	3.0397
20.054	2.475
324.9933	1.3193
163.7811	3.7498
156.1987	2.6905
148.3106	1.7658
14.8676	2.4104
5.0797	3.5643
358.5513	3.5324
19.221	4.3667
35.282	5.7067
81.2689	6.4559
115.1547	6.0188
108.5303	5.2317
77.9625	3.7405
74.3522	6.3193
84.9462	4.7522
81.1225	4.1106
69.0322	3.6956
69.2923	4.7633
66.9546	3.1252
63.8096	2.4829
53.5008	2.4457
57.425	2.4794
4.509	2.9486
18.0597	2.8401
12.0533	2.0391
47.4853	2.493
17.763	2.6813
19.3953	2.551
21.019	1.8569
23.5759	3.1942
8.2342	3.046
24.3092	3.5207
39.5469	4.3805
70.3108	4.5578
119.6529	3.4442
114.3561	1.5778
179.9889	1.3052
142.0292	0.4028
114.3097	3.4384
95.5796	3.0866
82.5078	3.2121
121.274	4.4216
99.5337	2.7407
107.7608	2.312
71.988	2.5714
98.7384	2.9372
117.3262	1.9266
187.0998	1.7042
212.1205	2.177
260.7299	1.3757
211.8376	0.7203
120.1493	0.727
86.8926	1.8757
77.7395	2.7032
49.3975	2.8268
53.1873	2.8568
184.0114	1.9214
214.6104	4.0324
228.3141	3.9078
230.2978	3.1748
226.8042	4.2165
241.4578	5.1814
233.4181	3.1262
226.0591	4.4246
215.978	4.3587
222.6467	5.3744
211.3395	3.4001
182.4393	3.5706
182.8162	3.0659
201.0216	3.9522
211.4774	2.8475
176.5748	3.2216
166.0445	2.605
173.8753	2.6934
194.2474	1.9313
94.3011	2.1376
101.5535	2.1332
79.4014	2.4803
53.0849	2.1471
57.1881	3.152
48.5033	3.83
62.1112	5.5089
31.2323	4.6882
33.9338	5.8908
97.5884	4.5725
117.9337	5.5449
141.0678	3.6506
134.9778	2.4077
119.4233	1.4336
68.564	0.2961
41.0706	1.4785
31.4321	2.1396
22.0805	2.1998
7.6365	3.2728
4.7974	2.6123
14.1545	3.4842
29.0095	4.8527
91.5012	5.6137
119.7926	3.1286
94.1763	3.2277
105.218	1.4175
56.9274	4.23
108.976	4.6601
70.8367	3.0781
59.1093	4.9075
78.047	7.4956
75.6607	4.5126
52.1896	4.5407
101.7229	3.582
121.4407	5.471
161.0184	3.2439
242.9085	2.5989
252.4189	3.2232
242.2875	3.5847
208.0421	1.9091
259.4264	1.8338
114.3399	4.1589
183.4293	5.9973
168.8347	4.5762
152.2296	2.0478
134.327	1.5161
120.888	2.0409
43.4938	2.1053
354.1739	2.0389
262.5649	2.6783
284.8596	3.7635
235.0475	0.9273
213.2153	2.5177
212.4147	2.315
164.4582	0.63
347.5239	0.7441
34.4232	2.7056
322.756	1.5614
348.2006	3.9028
357.7529	2.9378
24.9201	4.2712
41.3857	5.7268
40.88	5.6933
58.8729	4.9909
28.436	3.0678
68.4529	3.0048
82.2765	4.4597
117.1958	3.6034
136.3361	1.8023
159.1272	2.8426
132.9572	3.6681
139.7795	3.1973
158.9983	2.2164
121.4635	1.6425
114.0891	4.0862
87.0012	2.4989
26.5267	2.7971
9.0358	3.1902
356.4839	2.2586
141.4459	8.0351
150.0127	5.6286
148.8551	4.6982
142.0749	5.1451
165.3664	3.4266
157.5802	1.2333
305.4616	0.9002
348.5252	1.4648
213.1122	3.7312
190.1949	3.5183
207.5105	3.9932
200.5099	4.6568
197.1039	3.1435
182.8695	2.6249
218.4568	2.7378
222.8252	4.331
241.5466	4.1616
209.9518	4.2592
197.7444	3.2544
199.3882	1.6878
102.578	1.1757
180.3742	1.8148
159.2121	1.6972
188.4517	2.6222
186.7426	1.1552
140.0056	1.4244
121.5498	2.3017
99.7695	2.1497
104.4857	1.8283
50.0533	2.1046
114.5395	1.5934
152.4219	1.7792
172.2008	1.791
151.6965	1.6416
164.3776	0.697
159.6612	1.9012
78.0061	0.6976
142.2999	1.5254
94.9628	0.9733
208.1694	2.6861
320.6598	1.716
185.5382	1.9257
200.4635	1.8289
234.3768	4.5289
248.4807	0.829
121.1004	2.2822
182.0317	2.2523
184.2025	3.2366
160.8631	2.6909
153.498	2.6761
168.7905	2.4882
207.568	4.0763
232.3876	2.3938
209.0924	1.826
144.1519	0.8225
127.5927	1.4941
57.6379	2.4721
97.537	3.2092
68.5089	2.1212
83.9571	3.1351
38.4333	2.9178
72.5088	2.9783
60.1717	2.8924
47.1905	6.3704
63.9834	4.0152
37.1518	3.529
351.9992	1.4023
201.9133	3.6598
76.9814	2.9292
61.8132	3.7131
79.9322	4.8865
108.6294	5.3392
107.8278	4.0422
91.4284	1.9581
107.1474	1.7308
86.5529	3.3778
90.3819	3.1991
46.4498	1.9616
43.4425	1.7301
86.7337	2.1209
8.8137	2.0474
358.867	2.2065
18.8341	2.2342
30.5264	2.1077
348.3969	2.4322
292.3642	2.138
289.9486	2.4854
311.7116	2.7899
312.5738	2.1752
236.2826	2.042
233.6643	2.3689
244.5649	3.1276
242.2798	2.3424
241.1154	2.085
235.9887	1.3643
309.8168	1.5033
22.4353	1.6186
80.0637	0.7591
277.1225	0.6721
299.0558	2.7707
289.2592	2.9305
273.566	2.7513
21.1198	1.6367
294.777	1.4406
258.0172	0.4262
234.1764	1.3674
16.3359	1.1202
318.6733	0.4493
241.7205	2.3816
258.8281	3.506
285.1541	3.1378
351.6539	2.459
264.7189	1.3051
2.0036	0.3865
47.0729	3.0961
41.4755	3.5354
43.3732	3.1112
60.1535	6.4691
52.4642	6.7074
52.8526	5.9569
59.3205	4.3858
134.5652	2.8751
163.1478	4.2526
179.5473	3.9042
319.7442	1.6573
24.1354	1.7374
30.9546	2.0201
39.5156	3.9265
46.5451	3.9979
24.5473	4.875
32.6882	6.3624
55.0881	5.4319
73.347	4.4562
66.2005	4.2901
76.6234	4.0174
86.9681	3.613
74.2604	3.0355
31.3565	2.9551
18.0577	2.7821
355.2366	1.0656
19.5058	2.2048
13.4701	2.1453
329.4768	2.4621
45.1697	3.8641
38.6977	3.4594
59.6082	2.3221
45.0093	1.0372
170.1753	1.8868
166.463	3.4584
150.0814	3.0247
90.4248	1.6944
43.0253	1.4577
2.5544	2.2727
47.0961	1.879
79.9253	1.3309
136.2178	0.6895
242.7396	1.7762
185.8244	1.1741
242.51	1.2125
258.1101	3.2779
243.8517	2.5038
236.6879	2.7217
228.0259	2.8047
265.6955	3.4393
194.4746	2.4531
233.2547	2.5484
245.8469	2.444
253.8661	3.4742
221.3556	3.55
230.0909	3.1755
233.1223	3.3626
268.0815	2.9563
254.7189	3.6428
231.4063	3.7161
236.7217	4.4189
242.1489	4.4544
245.0698	1.1589
219.2083	2.123
253.2901	1.7815
267.2621	0.8508
186.8965	1.4383
236.3407	1.5349
257.4569	1.2578
236.5147	0.951
170.6721	0.9307
173.6297	1.3675
32.8866	0.205
279.6387	0.6016
182.4978	0.98
46.8811	0.7534
277.6662	0.5595
311.4097	1.03
236.3485	1.6416
216.4841	2.2432
226.5188	2.8822
246.9555	4.1271
213.431	3.3031
229.4646	3.498
232.4925	3.2269
253.0959	3.4453
256.0723	1.8603
213.2482	1.6951
233.7684	2.2814
260.5456	2.3792
253.7797	1.2993
217.5567	1.7755
211.1421	1.5321
259.2614	1.545
196.6521	1.1846
152.8895	1.6387
151.7469	1.1208
178.4448	1.649
165.74	2.3415
186.8338	1.7267
160.0781	2.5307
182.8725	3.8251
170.3371	3.3977
141.7146	2.0628
144.8398	2.5378
171.6381	4.0332
177.089	2.6666
164.3291	2.0653
196.9953	2.3884
159.5597	2.6569
177.1836	3.0772
164.8062	1.4731
167.7802	1.2298
68.5293	0.9438
78.9686	1.1575
104.6631	0.7834
287.7965	1.6077
265.7267	3.4042
226.9533	2.7773
203.2014	2.0592
225.136	1.8653
214.3744	1.6108
225.9299	1.9348
188.2319	1.5343
52.8473	0.9888
33.6429	3.0454
26.0928	2.7048
352.9392	1.5902
308.574	2.1428
358.8038	2.9868
320.2897	1.7789
349.0112	1.5629
273.1019	1.6265
311.6266	2.2521
29.4293	3.7327
35.2905	2.9358
177.7402	1.5915
132.183	0.8692
109.4577	2.0015
153.383	2.2099
195.3524	1.4416
151.7646	2.1341
206.9752	1.5885
235.19	2.0165
217.9675	2.7559
238.0199	2.3326
206.7357	2.2394
212.024	2.1258
236.4015	1.4003
311.9672	1.0967
19.8124	1.0965
122.181	4.817
119.0436	3.58
100.5339	4.2926
79.4159	3.264
46.8101	3.1733
28.6266	2.8068
34.0774	4.4944
30.5213	3.488
19.6476	3.0517
28.2406	4.4166
50.6202	4.096
46.3167	3.3413
39.5905	3.0808
62.003	2.2224
50.1779	0.8754
205.4884	1.2159
172.8722	1.8131
166.7045	2.5978
167.8445	4.3284
163.5142	3.821
144.8006	3.6344
126.6518	4.8754
105.2638	4.4868
87.6713	4.4095
68.7198	3.9489
47.6244	4.3393
60.0532	4.79
23.3683	2.1712
283.1574	1.5246
327.2895	0.7154
8.6291	1.1544
34.0154	1.5422
54.3333	1.7682
75.267	1.1166
96.0095	1.1915
297.5325	1.5318
328.2918	2.5269
72.0018	4.6248
64.9294	5.629
63.0167	3.7147
36.3872	3.016
58.1184	1.7689
67.943	2.8533
179.2184	1.2934
244.7942	2.0382
218.7245	3.734
239.47	5.7073
238.826	5.1552
233.233	5.068
229.8143	5.2898
219.4581	5.3928
208.0096	4.3016
201.8276	3.5385
217.2786	3.8136
229.77	4.2536
235.086	4.0337
241.0797	4.5507
233.4465	4.9862
250.8307	6.3215
239.6217	4.8721
234.8129	4.7139
231.7864	4.7805
243.6864	5.6091
247.8385	3.655
219.8285	3.7948
234.8447	4.8177
246.8537	6.8624
238.1998	5.3549
232.4284	4.1041
229.5929	4.1535
244.0078	6.0685
242.9602	5.1516
225.0918	4.143
225.7693	3.9821
245.0082	6.4109
242.6565	3.6105
241.3718	2.3677
231.1265	3.0845
247.4698	3.6552
254.6324	4.0098
248.4392	3.4496
245.0263	3.0714
267.2661	4.5694
242.4926	3.8822
242.9567	3.4092
240.9846	3.2972
282.4995	4.1502
259.2768	3.3116
243.5234	3.6914
236.9388	3.2288
249.6198	3.8508
230.5	4.095
226.1283	3.6825
226.3247	3.4403
244.1797	4.7196
237.8016	3.3977
216.8765	2.3775
189.0011	1.78
226.9698	3.2367
227.154	1.8168
178.1629	0.8721
152.326	1.21
199.71	3.3335
232.7595	2.7934
247.3969	1.6742
221.5017	1.1654
109.0617	0.8393
31.5935	1.3628
59.527	1.9595
14.185	0.5312
280.0701	1.1531
237.0833	2.1247
239.8623	2.851
246.3401	3.4604
247.598	5.4598
235.1806	5.8617
237.7366	6.0929
232.4718	6.8273
238.6003	7.3942
230.4192	5.9906
235.0469	4.9993
229.7204	5.0195
243.5481	5.5492
227.7659	4.234
230.2597	4.0035
224.8028	3.9508
228.4798	4.106
236.7972	4.1781
231.4694	3.0282
232.8305	3.2774
255.0684	3.3675
248.6605	0.9978
85.252	1.7647
111.2322	1.993
103.3375	0.8445
12.1837	1.4297
53.1278	2.1919
213.9617	0.2654
335.8511	1.5623
282.6547	1.5494
262.1535	2.5553
245.1385	2.3907
283.3966	2.1837
245.1522	2.183
244.6212	2.0051
49.6318	2.9767
84.1466	4.1098
154.8006	1.3084
245.9685	0.9091
250.6995	2.4367
250.0798	3.5379
233.1088	3.0706
244.0817	4.4004
242.3291	4.5994
256.2124	6.5205
245.1104	5.2197
244.5469	4.7467
235.7355	4.3848
253.6351	5.5849
238.9178	4.9775
245.4939	4.2356
233.8206	4.1478
248.8934	5.0666
236.3674	4.5768
243.5943	4.4258
241.0354	4.4825
262.0378	4.8223
238.6411	4.5208
255.0058	3.7833
247.7156	3.8639
276.1093	4.9564
250.4417	4.2629
259.638	3.6588
255.6994	2.8347
296.4632	2.7611
312.2398	2.4698
2.6286	2.0826
12.6647	2.7709
25.998	3.8964
16.1538	3.2595
33.4375	2.9637
37.8745	2.2636
54.1152	2.2688
50.5007	1.1902
72.7377	1.3238
25.4973	1.1686
73.9696	1.5944
55.5118	1.4183
84.6647	1.4518
78.2936	1.9595
76.9887	2.6423
36.3082	2.1336
11.742	3.1419
8.6971	4.3256
12.4741	4.6773
12.134	4.8296
32.8222	4.5632
23.9896	3.8267
45.6075	4.5691
23.2711	2.7838
11.1171	2.3872
352.5013	2.6626
12.4641	3.6925
336.045	1.8968
334.3959	1.9606
205.7407	1.4346
233.5081	1.5857
224.844	2.7673
220.0305	3.441
229.8541	3.9823
241.9622	3.4907
229.8563	3.3523
245.7853	3.0932
315.9567	1.0416
61.881	2.528
30.4249	0.7115
220.9437	1.3115
226.0326	3.0652
257.0675	4.2905
237.6639	4.7422
227.7016	3.321
176.6445	0.5859
118.8223	2.3531
154.8978	2.7685
133.6157	3.4016
93.6596	2.6279
99.7975	1.7189
217.7258	1.0625
245.8195	2.1309
220.5781	2.6242
240.5327	1.7856
211.5455	1.7741
138.6235	0.5582
170.7766	0.738
244.7463	1.8299
204.5933	2.7641
211.3269	3.6277
201.3929	3.9043
229.2331	4.8435
242.8033	3.7955
235.277	4.3972
227.7336	5.1642
241.849	6.2912
234.6819	4.535
226.0802	4.281
220.3306	4.3952
233.012	5.2919
218.3864	3.1291
227.5293	2.7495
218.3847	2.7713
259.8522	2.8004
227.8699	1.8745
235.0338	1.8501
230.1828	1.9791
278.9484	2.1937
257.3522	1.7233
251.7224	1.9042
191.0159	1.3626
257.5598	1.7406
244.3351	2.7558
250.0461	1.7378
247.7267	1.5464
295.3174	2.1337
292.3462	1.5559
304.9785	1.8631
66.5625	2.481
54.1264	3.475
13.1008	1.7219
45.237	1.2626
95.8163	1.5049
171.1714	1.6699
151.0454	2.6634
178.9515	2.02
204.6022	2.9537
238.8719	4.2568
237.6886	2.9169
246.2561	2.2438
236.8236	1.6691
279.4203	0.5131
228.7946	1.9706
227.9084	2.1608
246.6693	2.4091
268.2443	3.2997
247.9397	4.782
244.2233	3.479
236.8932	3.9583
260.7264	3.9844
240.2132	4.5822
230.378	2.9558
221.426	3.0045
236.2176	2.9505
204.6081	4.1474
190.718	4.5964
165.4635	4.6324
129.2988	4.6173
72.5264	4.4302
70.6911	4.5349
101.235	4.0607
86.2142	4.6319
58.6717	5.0813
53.256	5.5922
54.4203	5.4978
72.6127	3.6814
133.1498	1.2346
203.1138	2.5438
203.2915	3.2257
205.1945	4.0319
174.0965	1.3403
88.1998	1.1878
25.5346	1.1261
55.1377	2.3335
32.5615	1.2776
18.3148	1.2322
32.1702	0.8098
73.3113	1.534
28.8053	1.8316
41.7908	1.8612
42.9726	2.1589
58.0227	4.0615
39.0989	3.9476
37.6299	4.2054
40.9135	4.3345
46.8135	5.3288
40.44	4.1965
33.6786	4.0408
35.6632	4.5919
30.9587	4.8513
26.3857	4.6025
26.1947	4.5491
26.7578	4.9587
39.7903	5.1617
28.4956	3.984
5.7703	2.1779
343.1579	2.2002
54.3842	6.6675
52.3404	4.4641
43.9578	3.562
30.1135	3.0922
57.3578	4.2347
17.6852	2.0924
12.9299	2.3332
54.233	1.8775
77.3037	1.7516
71.4769	1.297
123.8871	1.4253
89.2312	1.9
69.938	3.9322
43.0043	2.5499
10.7767	2.4332
4.402	2.2304
23.0932	2.0953
275.0485	1.1615
223.3357	1.1494
175.9756	1.4736
128.8792	1.4765
128.5196	1.5637
77.6075	1.7606
65.1699	4.04
77.2971	6.3428
66.5278	4.86
58.042	3.7398
74.9709	4.0619
74.7191	4.9951
72.8226	4.2494
66.0204	4.1938
49.1438	4.3834
42.1267	6.071
33.0963	5.9267
37.3766	6.593
58.112	4.7704
122.9731	6.1712
92.7687	4.1591
58.0066	3.9327
79.7898	4.3135
80.3682	4.9929
60.7769	3.995
7.0592	2.7871
295.4642	1.6234
323.6984	1.0557
318.5367	1.2567
286.1455	2.2213
354.7732	2.5238
59.5479	4.5388
74.4265	4.9934
48.8397	4.3916
37.3814	3.9572
42.192	5.0784
49.3891	4.158
63.7289	3.0703
62.1246	2.8969
79.8505	4.5948
49.0803	2.7751
64.5067	2.1725
41.4429	1.4317
19.6936	4.2588
26.5946	5.1155
23.4777	5.0125
27.0289	5.6672
29.6281	5.6208
36.9439	5.118
64.6589	2.6143
99.7899	1.6478
304.2299	1.1427
291.0303	2.2959
50.9506	1.6735
197.1487	1.5342
205.0215	3.6576
193.2689	4.9742
177.4885	4.4189
159.8434	4.3029
142.2571	3.4127
127.588	1.5932
122.8841	1.4881
35.8343	0.7843
20.7794	1.6927
294.0831	1.9455
235.7203	2.0562
221.7356	2.8644
221.7221	2.7085
221.2839	3.7451
229.6327	4.0432
236.6096	5.0296
240.0509	5.0451
256.8257	2.522
69.9002	3.2916
165.0865	1.3024
226.7458	2.2461
229.5791	2.6494
213.0638	2.5191
214.5534	2.9885
215.7313	2.826
212.3474	3.4541
208.2589	3.2079
200.5603	3.1071
197.4439	1.3702
68.9721	1.246
47.6643	1.8033
20.3871	2.4946
14.7222	3.0899
7.0125	2.8261
9.3335	3.4209
25.3043	4.5687
33.4142	4.5707
53.1653	3.6993
49.6971	3.428
49.5974	3.4573
56.692	3.4207
61.6193	3.3812
72.358	2.6359
60.2994	2.8036
59.5245	2.8336
349.8476	1.4389
283.6792	1.8128
233.3933	2.5823
214.1199	4.4281
194.9993	5.2766
153.2349	3.605
94.157	2.73
70.8877	3.2201
78.2519	2.0434
42.0988	1.9403
10.7713	1.323
297.008	1.4604
299.0096	1.6632
322.7418	1.8916
5.8495	2.6943
30.4801	3.4849
39.2306	4.2029
38.032	4.5153
47.7966	3.6358
50.0703	3.8576
51.8311	3.4146
52.7739	4.0402
42.7975	3.4709
23.4216	3.523
36.0275	4.0036
42.735	4.977
79.4754	5.9518
61.9136	4.2079
354.3293	4.4897
48.1988	4.962
60.5307	4.4087
48.7971	2.9948
218.9708	1.547
148.4118	1.6603
87.3774	5.1904
84.6204	5.2412
80.8797	4.1479
73.5441	4.0185
75.696	3.5415
88.7364	4.6099
71.176	3.1591
73.5241	3.3779
69.7596	3.5602
66.3936	3.7616
79.6643	3.367
59.3394	3.3428
69.337	3.746
69.8928	4.9798
60.1866	3.6406
53.6158	3.5963
48.5618	2.5136
62.4827	1.7714
71.6378	1.5328
67.4966	2.2422
63.9765	2.933
56.411	3.6599
49.7641	3.6884
41.7381	3.6109
35.4472	4.0063
52.453	4.3958
49.1178	4.0745
35.3605	4.0747
36.4263	4.3224
34.7949	5.6208
37.4269	5.6849
51.849	5.2014
59.8999	5.763
58.8713	4.4349
84.4258	5.1016
81.9557	5.1236
89.0603	4.7641
91.7443	3.5718
102.1094	2.4741
106.1641	3.2557
111.7547	4.3052
143.9513	4.6431
106.3566	3.679
80.133	3.3821
88.678	2.4352
86.0892	2.5661
81.3244	2.4816
67.5504	2.5347
58.3211	2.7015
68.6126	3.1232
70.6517	3.1142
57.5518	3.1657
55.4843	3.4369
61.0492	3.937
82.0099	2.7214
96.1413	2.2417
120.272	1.4292
111.8788	1.5392
116.1708	1.4417
75.3679	1.6173
80.6062	1.8537
59.3332	2.0846
46.8435	3.1296
44.1839	3.4494
43.7713	3.7859
41.5571	4.3983
56.6715	4.0558
62.1596	3.952
50.3692	4.3767
48.1419	5.132
55.2053	5.4039
62.0447	5.6214
63.6279	4.8495
55.142	5.8267
76.8668	6.3025
61.5352	6.0239
60.1155	6.677
48.1923	6.5608
51.5688	7.0246
70.3045	6.164
76.5609	5.0853
72.7324	5.248
75.0003	4.4619
75.4401	3.6364
89.4226	3.1465
97.053	3.7241
37.8139	5.1808
43.3973	6.9994
46.4242	6.8027
51.2331	7.7535
58.5418	6.4775
59.658	5.2913
62.086	4.6445
58.343	4.6782
50.4513	5.1559
49.7813	4.7863
48.0543	4.0524
78.3989	3.4594
78.411	2.585
51.0771	2.4395
40.15	2.5388
55.4075	3.0656
56.6146	2.0649
52.1333	2.7208
50.2017	3.3302
47.4977	3.7052
34.8937	3.0788
36.2457	2.4079
17.1667	1.9851
16.5621	1.3944
24.0462	1.3877
30.0374	1.5279
49.9211	1.8458
132.6441	1.1292
100.238	1.4903
72.1898	2.2299
51.349	2.4106
37.6571	3.235
36.5023	3.4259
38.4288	3.5373
30.4373	3.538
28.7886	3.63
33.3309	3.2995
41.2748	3.3466
32.7453	3.4451
29.2702	3.8963
12.7013	3.4127
17.5554	3.8772
26.3595	4.0558
33.5252	2.8819
87.4357	3.4091
83.398	3.7877
65.7726	4.0414
52.6944	5.1575
48.4422	4.3179
34.6308	4.3599
36.9882	3.4467
40.9483	3.3224
40.2152	3.3965
27.7054	3.772
33.5065	4.6131
32.9467	4.4029
32.9774	5.2268
52.8562	5.3614
79.6856	3.7695
91.9839	5.3838
77.2511	4.1882
75.8149	3.7401
71.7565	3.2745
69.4344	2.5343
76.4905	1.8895
94.3927	0.9465
151.7083	1.0838
40.966	2.1319
44.6479	3.0384
47.9922	2.2222
23.7533	2.0394
27.7427	1.906
359.7702	1.9596
249.1756	1.1884
18.7942	2.0173
30.556	1.361
58.1033	1.5217
82.0858	1.2915
57.9448	1.2102
73.7654	1.5025
98.1126	1.4637
147.9977	1.1827
180.7988	1.0579
140.216	1.1431
81.5732	1.8234
61.8197	2.2406
55.252	2.1305
52.8925	2.4503
52.5865	3.0391
46.1784	3.9195
45.2979	4.4032
42.7228	4.5409
42.309	4.5524
41.5595	4.9421
41.2003	4.861
44.7126	4.9032
52.4807	5.0652
53.1732	5.0387
51.1914	4.2379
47.3792	3.724
44.0501	3.4018
42.0084	3.2878
46.8795	3.1329
48.8727	2.8518
50.1284	2.8565
48.6742	2.6732
