48.3681	3.1448
51.5919	4.6658
42.2386	3.6832
323.1288	1.6384
301.8486	1.7046
339.4161	1.5016
280.0424	2.0793
37.9735	4.9041
40.8699	4.6438
55.1939	5.3948
33.3208	2.5371
86.5325	4.1407
95.8703	5.0322
76.2857	4.0748
67.7049	4.001
60.4323	3.613
48.4665	3.3333
28.283	3.5626
356.8459	2.8643
9.2708	3.3525
33.8588	4.8505
45.8046	3.7294
128.2962	1.7631
222.7281	1.8015
241.2742	2.1291
17.2391	2.2066
67.9798	3.4817
105.7472	2.6511
147.1806	1.4457
154.7926	0.7434
229.1886	1.7538
231.8616	2.8699
223.1674	3.0396
213.9438	2.2869
215.8544	2.2
217.0439	1.3704
232.5353	1.118
257.4942	1.8018
309.7282	1.7972
36.5853	4.4437
33.5523	3.7188
32.7529	2.2389
9.1555	1.632
79.721	3.8676
75.4832	3.3918
88.918	4.6411
89.7886	3.4736
79.7754	1.9452
115.1733	1.4634
126.9273	1.0564
170.3852	1.5227
163.5986	0.9846
171.7652	0.9143
127.5926	1.4006
183.6573	1.2432
188.2976	0.6188
109.5378	0.5906
83.6951	1.3416
62.5208	1.9881
64.1363	1.6307
43.5584	2.6938
55.4221	3.3784
53.8901	2.8602
52.7982	1.755
52.3182	1.5062
45.6839	2.18
39.7047	2.9014
34.2863	2.7054
31.7249	2.7335
19.0816	2.4573
18.849	1.8249
262.3567	1.3241
322.5894	0.8644
47.8491	1.7887
70.1546	2.5848
69.1552	2.5195
31.6732	2.7529
18.0983	3.2239
358.4106	3.3868
22.4135	3.7399
34.3669	3.9354
50.0951	3.5422
31.1507	2.7225
331.2983	2.6953
34.5258	4.4532
62.4353	2.5502
99.4134	2.6461
89.503	3.5153
68.7892	1.3208
37.3983	3.0846
73.3258	3.6694
88.7312	2.051
96.68	1.7756
56.6697	1.4987
104.3525	1.4108
67.7437	3.7873
45.1213	5.5695
48.7036	7.1736
66.103	5.3371
52.8667	5.9147
50.5454	6.2433
44.4724	6.168
49.9079	6.0997
61.0255	6.0531
53.3197	6.0749
49.8535	7.1857
50.5662	6.4081
47.9995	5.6233
38.5	5.1089
45.994	5.6352
57.1821	4.894
64.1496	4.7153
46.1009	5.3394
43.4153	6.603
45.3748	5.6917
51.5676	5.1511
58.5037	4.7443
77.6167	5.5396
58.5172	3.4307
40.7591	4.6054
45.0817	6.5891
47.4824	8.5091
85.4326	8.5334
101.6374	6.2373
100.6459	5.0868
94.0858	3.374
123.2042	1.8519
216.094	1.9966
209.5566	1.7754
53.2398	0.9795
32.9492	4.5038
43.3221	6.5493
41.5844	6.8072
85.4052	6.2264
115.2655	4.7871
131.1546	2.2002
340.7938	2.8141
62.9257	6.6162
92.3837	4.9254
78.6607	3.181
188.3923	6.2267
171.3294	4.5486
131.3626	2.0348
110.0686	2.6235
78.786	2.8021
62.131	3.96
56.0032	3.9649
45.6551	4.8769
43.7018	5.3446
45.4633	4.9314
45.7482	4.7657
48.2329	4.1608
46.3748	3.9425
40.8267	4.12
45.7671	4.8222
42.7022	4.7558
43.0912	4.1257
57.6691	4.0866
95.5361	3.4629
77.3289	1.6347
23.376	1.7336
358.2579	1.7007
307.5956	1.9117
293.099	1.82
31.4822	2.4315
36.9338	3.8752
27.11	3.6486
19.9677	3.5313
12.5381	3.2058
19.9376	2.8885
17.6327	2.4977
3.9761	1.9583
244.7503	1.8121
239.6086	0.9752
344.6477	1.6801
45.4801	4.101
53.5816	4.2305
63.0435	5.5022
44.8875	3.5873
18.2951	4.1732
7.5896	4.0291
27.0138	5.0034
37.0223	5.9798
32.4267	4.2663
38.8101	4.2073
67.2526	4.6303
77.7742	2.6976
68.9969	2.328
67.221	2.1957
8.7091	1.9279
270.1545	1.883
19.6974	2.8341
45.6944	2.9091
48.138	2.2503
225.7994	1.9071
234.5197	1.1657
217.4861	0.8596
224.768	2.6361
220.744	4.7751
229.9514	5.8888
229.014	5.3331
258.1973	1.255
81.6131	3.1881
66.4702	2.9647
60.8938	3.2762
67.4009	4.238
55.9278	3.4366
40.4269	3.2397
40.0261	3.0213
45.6883	2.7896
49.8152	1.802
39.4059	1.4502
70.4305	1.9799
62.8218	1.6982
70.5848	2.0068
57.5458	2.3911
60.976	2.7799
55.5073	3.1297
50.8761	3.7985
46.0179	4.1579
50.8042	4.4253
51.4081	4.6762
45.6948	4.5882
44.085	4.0569
48.2438	3.5189
49.2808	4.3
51.8184	4.3825
54.4989	4.0635
47.4475	3.6183
40.3792	5.06
41.4737	4.4337
62.6884	3.5032
42.5075	2.8909
43.8754	4.3254
3.5213	2.1466
327.5229	2.0702
264.0571	1.4918
147.7839	2.1352
187.6938	3.0172
182.5913	2.3208
91.0276	1.6046
53.0534	3.8898
35.7683	3.9281
26.1377	3.9746
26.0223	3.4456
36.3283	4.4863
23.8594	3.3856
24.6505	3.9809
20.3049	4.7806
17.6834	5.489
18.7306	4.4564
14.9557	3.2386
20.9832	1.8798
68.8178	1.9775
149.9049	4.2179
188.0683	4.0301
190.2908	4.212
173.0343	3.4107
161.7772	3.3243
140.7228	1.6355
66.7634	1.8365
42.1	2.3573
20.4613	1.6983
24.7516	2.4446
27.1214	3.6864
30.9798	5.255
38.0967	4.9398
36.0103	4.7643
44.383	4.3777
86.538	4.1155
108.605	1.8039
95.7981	1.5115
57.0933	2.0986
52.4913	2.8833
25.1363	2.2761
18.8158	1.8271
338.7351	1.969
312.2429	1.1771
281.6747	1.9016
329.5805	1.8848
359.9574	2.3814
22.4283	2.8952
22.75	3.3839
32.1839	3.1011
37.1296	3.4146
47.9724	3.5454
26.9833	2.8656
43.3859	4.3707
60.8957	3.5189
77.4395	4.9111
39.8319	2.7789
40.6866	2.823
31.4263	2.8916
43.8493	4.2147
25.9273	1.7527
32.4272	3.014
54.2071	3.3694
64.9969	4.2692
71.5111	3.2056
42.2479	3.453
36.0786	4.2448
49.3773	6.6125
43.4555	5.2731
50.4612	5.5822
47.6414	5.6885
38.4477	6.4171
56.1996	5.1454
50.8941	4.2538
50.4245	5.7977
29.7554	5.7868
29.8079	5.2195
35.5732	4.1824
96.7495	6.1182
106.0434	5.8422
96.3978	4.9057
89.0183	3.6964
80.8524	3.3704
73.5212	4.7891
38.6607	2.0345
7.614	3.5918
12.1166	4.0349
23.8364	5.2819
27.2534	5.4832
37.9234	4.8607
51.9007	3.9394
42.5217	5.24
31.2703	4.139
29.6696	4.5399
32.5671	5.0134
35.3122	6.0405
62.8606	4.7781
42.717	4.8627
36.4404	3.8635
33.6643	4.3214
73.0306	8.465
105.6448	5.7228
121.556	5.19
114.8111	4.6053
150.0624	2.2283
235.6716	3.0696
220.9013	3.659
205.2025	2.0879
221.4273	1.0452
243.493	2.1158
239.1835	2.0013
71.1182	2.2432
213.0319	1.5368
207.964	1.4694
195.9992	1.2042
94.6299	3.7261
95.3652	3.5821
53.7414	3.6245
60.7135	4.9164
59.0336	7.6748
53.2977	6.9682
61.6733	6.3996
73.727	5.4675
97.0616	6.683
95.6402	3.8296
154.019	4.4504
126.2306	4.0361
110.1652	6.3034
138.3949	3.9437
196.3598	2.3649
184.533	1.6995
178.2005	1.797
212.292	1.8596
162.2665	1.0983
161.1139	1.8819
155.4749	0.8921
165.6701	1.6126
193.3779	1.5626
176.5959	1.8894
111.5389	1.5458
137.7153	1.7825
174.9978	1.6224
139.2327	1.109
89.0993	2.0754
80.6664	1.7656
42.1404	2.4409
36.1883	3.9297
40.5181	4.5934
58.8914	1.3912
111.8268	1.6743
131.836	2.3633
146.6027	2.9537
132.1425	1.8737
202.7956	2.7015
172.5368	2.7097
176.1809	3.3272
187.0768	3.3532
204.9428	2.39
203.8393	2.7127
225.2058	2.3173
197.6657	1.3782
213.2102	1.5123
163.827	1.3403
138.9715	1.2185
101.1871	2.3179
128.4326	1.6713
83.6072	2.152
71.1621	3.2533
20.8609	2.014
13.4711	3.4736
2.652	4.86
30.5961	6.2659
59.5507	2.6503
343.2182	1.9684
180.138	3.7737
105.609	3.9733
82.3395	3.2751
74.6979	1.7786
235.7498	1.1089
251.258	2.4777
229.6891	3.4466
242.8724	3.3438
243.1991	3.5135
224.9239	4.7331
201.3675	3.703
176.1313	2.2069
196.5913	2.1002
187.9021	3.3598
229.8625	1.8918
226.6174	1.9648
235.2246	2.0159
270.8752	2.0072
244.1495	2.5951
235.8472	3.85
228.6975	3.4648
247.177	2.2712
213.7265	2.3367
227.9721	2.7456
228.9956	2.3783
312.3363	1.6024
55.7818	2.1114
54.6233	2.3419
26.8125	1.5724
16.4615	2.931
346.7348	1.7984
17.0993	2.8706
35.962	3.5555
29.6552	4.3726
289.0853	1.8409
189.7133	3.3602
144.7917	3.4885
131.2946	3.2549
100.0889	2.4752
134.3706	2.1441
54.368	0.7555
58.6928	4.0008
13.6726	3.099
30.2942	4.2395
25.5831	4.627
71.5756	6.0553
101.4343	4.5973
72.2488	3.4565
349.5254	0.9203
347.6167	3.4746
98.3539	5.3404
70.3732	4.8516
69.2624	4.2595
85.519	5.8168
101.5956	3.2348
38.2057	2.0439
353.8953	3.2162
18.0384	6.637
86.5845	3.0627
87.6401	2.0514
130.2016	1.6535
55.7727	3.2952
50.4792	2.7658
83.2646	1.8421
43.5956	2.5455
70.0291	6.1243
69.6251	4.27
61.1849	3.9287
61.6284	4.6325
78.1913	5.612
103.2777	2.8669
148.5286	1.898
192.5196	2.1346
154.0983	3.8131
164.774	3.0293
167.7078	1.4671
118.8407	1.2764
118.2281	4.1019
147.9142	2.5177
24.7842	1.1042
0.7284	3.1677
28.5919	6.3687
27.9938	4.1145
105.7605	2.1887
70.3255	1.0265
78.169	0.518
293.0913	1.9783
231.073	1.5747
188.7068	3.4742
231.3503	6.069
224.2821	5.1121
218.9278	5.7681
226.3387	4.9768
257.5655	6.6772
259.9783	3.748
236.1578	4.6739
231.9003	4.1506
257.6188	4.9204
257.8992	3.0494
225.6009	3.0826
228.7657	3.199
257.9611	3.707
262.2005	1.7657
248.3798	0.6439
162.019	0.5519
145.9223	1.5741
158.745	2.7246
212.6361	3.2455
254.6045	1.5942
58.2636	2.8963
39.3652	2.5112
31.5063	4.6865
31.7961	5.153
51.0704	6.82
59.8762	3.6062
40.6182	4.2991
91.6952	3.181
155.5131	6.216
152.9527	5.5346
159.3114	3.6119
144.5814	3.6005
123.0639	2.9168
77.0082	1.2621
17.1074	2.5869
1.9873	3.9819
15.0532	6.1281
26.5571	4.1398
15.2871	2.124
75.8675	2.1755
82.8531	2.6563
128.3557	2.2992
17.1909	1.3154
277.9352	1.3014
259.9922	3.5678
243.1883	3.6634
226.5486	3.849
217.0847	3.8925
220.0779	4.7073
211.8877	3.1731
185.9833	1.5483
60.6535	1.3123
73.8141	5.0744
62.6373	3.9176
160.1395	1.2702
29.6926	1.9087
52.0777	4.7955
62.958	4.2663
123.6993	0.834
114.3781	2.9171
116.6693	3.9432
109.0988	2.4435
227.8642	3.9187
227.7357	4.2548
175.3977	3.1397
148.226	2.9493
232.5217	4.1668
215.361	2.3737
179.8113	3.057
247.3463	2.7096
245.8825	3.1202
249.9502	3.7882
265.9118	4.7633
251.0671	1.9745
243.2548	2.1296
255.3963	0.8203
29.8424	2.3057
321.6017	3.0989
8.6551	2.9524
10.2331	2.769
35.7625	3.9787
27.3593	3.7134
116.5844	3.677
76.066	4.4192
79.8273	5.8908
73.2278	4.3744
56.7046	2.6941
122.8703	4.7582
118.4633	4.5549
122.9568	1.8411
83.2628	1.6001
62.1004	1.3513
97.3586	2.8583
159.2704	2.142
196.9808	2.0275
221.9227	2.6785
228.1041	3.722
231.4189	3.2594
285.4124	1.879
106.3792	1.0329
206.8947	2.9968
224.7193	3.6435
182.3847	2.6337
185.3886	1.3747
209.6153	3.4761
209.8232	1.7783
168.3575	0.8109
17.6467	1.5747
86.3992	3.5628
15.0604	0.9028
48.6305	1.328
6.7042	2.2284
15.3445	2.7847
37.2812	2.5433
16.662	2.2419
22.901	1.7116
94.191	1.4312
35.7043	2.1421
4.8375	1.2472
201.3879	2.5785
216.8802	5.6425
227.6522	4.0038
197.4495	4.4816
193.9232	4.3192
217.1772	6.3225
299.6867	3.7458
200.2255	1.0755
231.9795	0.9188
244.1448	4.8029
275.6895	3.2614
234.7408	2.6585
236.9732	3.6452
249.9753	4.4536
258.1583	3.7424
225.0589	2.4047
237.1562	2.5498
252.2915	3.0206
227.8496	1.5447
137.3364	2.0747
152.549	1.8263
188.7724	2.4424
220.8554	1.0912
207.8246	2.914
225.046	1.5464
244.5555	3.3201
249.3558	2.635
240.1067	2.1954
298.2378	1.3711
19.6872	3.0384
350.3847	2.6321
96.5666	3.9885
78.2402	3.0857
72.7363	5.0665
67.8674	2.5841
353.5832	3.1438
331.1119	3.6292
27.7589	3.8653
79.7065	2.9535
90.8583	4.2033
96.5769	4.531
102.1026	4.7054
160.0048	3.0811
116.7852	0.8452
359.4472	0.0551
161.8644	3.184
168.864	1.9448
120.6058	1.0378
93.8888	1.5422
159.374	3.4624
212.2231	1.7461
267.4511	1.8971
282.6278	1.4529
334.173	1.4209
344.8571	2.2193
22.7145	2.4499
129.6152	1.4979
92.4319	0.8266
90.0974	1.5714
257.9289	1.6449
256.5558	2.8943
274.0614	2.4522
117.0729	2.6436
148.7299	1.6363
54.4095	1.2007
66.5264	1.6114
8.2492	2.5839
28.6735	3.1879
34.6634	2.0064
37.154	1.9656
213.4663	2.448
206.7988	4.4231
188.0639	3.9589
205.3097	4.4782
254.7207	1.1593
49.1856	2.4137
38.5323	1.9713
45.3096	3.4585
5.043	2.7507
327.797	1.5966
282.6747	3.0104
347.5187	0.7765
66.7204	1.953
119.4023	2.1883
96.2451	3.646
72.0029	3.6093
50.816	3.1957
330.4859	0.6552
228.0782	3.1086
228.9975	2.9407
209.3739	1.819
279.8872	1.1533
301.1787	0.8085
201.5675	1.6523
210.6212	2.9184
178.6177	1.3552
155.3364	1.9173
122.0099	3.0371
57.6438	2.2415
31.9046	3.3123
16.1561	2.9355
35.3155	1.5416
76.9416	1.1164
49.53	1.5892
8.5802	1.6378
25.6838	2.0487
2.8112	1.543
12.3715	3.0382
37.4822	3.5541
40.4065	4.2702
176.4281	2.8741
198.1291	3.535
207.6348	3.523
242.7448	2.8357
223.3325	1.932
217.3264	1.9811
223.8054	1.4326
290.2883	1.0196
106.232	0.7888
209.4291	1.9048
222.1901	1.9049
256.093	2.6226
227.5877	2.8505
239.592	3.285
239.1417	2.2359
279.4331	2.6113
280.0731	1.3286
271.879	2.1938
302.7361	1.5573
59.9492	3.5414
62.5764	1.9918
197.908	1.8068
232.1814	2.6188
245.1477	3.7347
109.8918	3.6482
103.3623	4.3284
130.1379	2.8676
129.4269	1.8509
158.8869	1.5007
181.0841	1.8211
219.7309	2.3344
38.7938	4.29
42.9105	3.2485
25.0887	3.3975
30.8778	5.8724
42.0156	4.7984
31.5077	3.9316
20.7949	3.9924
41.6337	3.5417
40.8087	4.62
23.8137	1.9148
55.6858	1.4002
210.0584	0.797
245.7311	1.9426
225.2472	2.7957
220.7676	3.9107
217.3604	3.3142
206.2974	2.2389
186.3972	3.7582
188.5109	3.4761
146.4616	1.5919
107.2985	2.9857
126.9815	2.6018
118.94	1.3035
179.8242	1.3401
244.6828	1.7105
274.8546	2.066
245.6751	2.4228
239.3748	1.5134
1.5404	0.758
129.5168	1.0459
128.8706	1.7107
119.6382	0.3287
92.045	1.6385
112.0985	3.1607
108.4492	1.5444
97.3766	1.7846
101.8767	2.4769
97.839	1.8916
112.4224	1.4888
111.7515	0.6718
155.0949	1.2677
220.4139	1.2888
195.1199	0.54
141.4421	0.4211
96.0458	0.4004
21.0407	1.0908
49.5566	1.8728
43.5056	1.7852
34.4347	3.0933
19.9958	2.4892
80.2622	2.8914
73.9722	3.447
86.2202	4.225
100.4404	3.9358
98.7298	3.105
98.6657	3.7691
102.6418	4.3554
108.9283	2.9554
126.9258	1.9968
142.5204	1.7005
153.8012	1.4839
158.6831	2.6911
186.5898	1.351
166.6692	1.3499
137.3057	2.0231
217.5515	1.8535
218.9614	1.5039
255.3182	0.8947
283.4664	1.25
261.883	1.5922
259.548	2.0316
222.7495	2.9396
243.0013	3.7492
223.5251	4.1423
235.1577	4.9356
230.1192	5.0771
239.2862	5.5405
228.71	4.7397
241.1471	4.9318
238.9117	4.0644
254.6568	3.9772
236.0798	3.3565
218.835	2.4817
224.3209	2.0452
256.0683	2.3342
229.6512	3.0495
237.6265	2.8068
43.1387	2.729
73.8598	3.8637
96.0162	1.4629
10.3872	1.5923
45.4061	2.06
80.7509	2.4799
30.5414	1.9445
50.3225	1.6941
26.9222	1.5373
48.7284	1.0949
26.4423	0.242
233.262	0.9808
228.2537	1.2858
182.1666	1.2234
221.6031	0.9742
196.25	1.5095
194.4335	0.9611
226.3781	0.3332
231.4818	1.3268
259.1526	1.1431
281.9048	0.7812
348.9021	2.1667
85.622	0.9148
31.9484	3.1582
35.3901	3.9932
40.7586	4.0493
14.7088	1.8309
327.5024	2.1428
333.9347	2.3334
20.3564	4.2992
354.4437	3.2516
71.4615	2.0368
122.636	2.3718
69.9219	2.6443
101.708	0.8878
287.2373	2.074
355.0745	2.9497
65.2957	3.578
114.2808	2.4015
110.2218	1.8916
135.5465	2.22
82.4674	2.239
20.8925	4.2881
30.9347	3.5722
38.0127	3.3878
58.5771	2.1522
354.0738	2.2865
51.6483	3.0455
58.3554	4.1619
52.6046	5.1964
72.1351	3.4726
54.171	2.6532
51.3796	2.3965
83.743	2.8697
344.1634	0.585
305.8297	2.4083
251.156	2.6098
310.2667	2.6518
349.9203	1.1205
333.9561	1.8209
34.6256	2.432
43.3109	2.8359
55.0286	3.4868
36.0652	3.1528
37.386	3.7797
53.0998	3.2955
78.3106	2.3094
60.7434	2.5229
104.2944	3.9025
74.2044	3.4151
47.6567	1.1734
302.5541	2.2272
237.2377	2.0694
63.7718	2.0634
13.3075	2.8877
48.509	3.0092
53.2574	3.9648
97.7575	6.5666
120.5633	3.0141
0.0903	2.0521
358.4395	2.2444
44.4378	3.8818
37.0093	3.0804
24.3069	3.1393
14.6074	3.8443
25.5004	5.8763
6.2851	3.3636
0.7448	2.7332
347.5328	2.5615
10.3077	4.325
350.6321	3.4357
358.9958	2.9177
14.988	3.3302
21.8512	4.9288
19.4637	3.0588
122.7023	1.7576
225.2113	3.1041
248.3513	1.9725
233.3434	2.9445
313.7825	1.8433
20.9538	2.7019
40.9982	3.5967
116.7591	2.5575
170.4312	1.7986
229.2462	1.2305
230.4089	0.6235
155.3123	0.9606
72.4039	1.3756
208.6306	1.8198
249.3316	2.183
236.4887	2.3254
233.3851	3.0995
175.8598	1.3642
108.2462	3.1044
101.7754	3.4484
82.2685	1.6241
117.7171	1.0642
292.2789	0.3437
196.5813	1.792
212.3073	3.4973
217.0863	4.6743
228.1895	3.9728
233.2052	3.8927
236.5471	4.6111
228.8275	4.8524
217.1094	2.7865
124.8467	2.6147
43.0748	3.4764
52.4566	3.8427
69.9021	4.8107
53.0146	2.7265
132.9925	1.4358
221.8118	2.1296
224.855	1.7171
237.2847	1.7548
240.6335	2.085
226.3141	2.8732
243.56	3.3218
230.4562	2.7796
240.5643	3.3229
245.4981	2.8106
273.7912	3.0134
258.7879	2.486
275.7364	1.3706
263.0824	1.5774
354.6306	1.1814
272.7152	1.6193
255.9563	0.9852
326.9185	1.5046
69.4402	6.3042
61.9493	3.8131
16.5957	2.6202
9.028	1.5356
253.133	1.7783
297.536	0.9773
134.5332	2.4002
124.4242	2.1581
133.6278	3.1122
117.5986	2.6191
109.6383	4.0047
97.9652	4.1742
97.8257	3.8227
111.8464	3.7709
86.5189	3.8055
90.2074	4.091
96.5872	4.0597
74.2665	2.4273
40.6328	3.1018
21.2546	4.7735
24.7891	7.3406
38.1065	5.6024
36.0887	5.0578
35.0236	5.9246
23.9697	6.0707
28.6962	6.8491
104.8647	5.1614
80.1368	3.9583
74.7769	4.4625
55.7904	3.0527
144.0408	1.4315
222.424	1.5921
243.41	1.9223
150.8734	0.9805
190.1499	1.4224
189.1462	0.5099
227.5769	0.6537
274.7482	0.6847
231.5737	1.0207
238.9866	1.1589
241.3503	0.6539
322.4186	2.3035
54.4195	1.8866
37.0192	1.9098
348.6459	1.5635
301.0356	1.8644
282.8266	1.5893
24.8489	5.6284
54.3655	6.4299
41.9002	3.9312
33.2988	3.0187
21.4512	2.9263
42.1881	5.2884
62.3408	2.1971
61.1531	2.5117
52.474	3.4715
67.6176	6.7301
64.5874	3.4746
60.1855	3.1467
49.3895	2.819
73.7419	2.795
261.5214	1.0568
251.592	2.6396
233.1944	3.2876
258.499	3.4113
229.2723	4.0343
234.9206	4.2735
236.8573	5.2082
246.8607	6.0696
252.2667	5.9107
252.8917	5.0925
247.2213	5.0309
255.4764	4.6464
242.4353	5.1777
242.5028	4.2787
231.4857	4.1665
242.7253	3.7238
227.6111	4.3391
229.11	4.0066
227.5235	4.5275
234.2833	4.733
228.6674	4.3856
231.9348	3.8991
227.5718	3.8715
239.0646	4.0453
218.3422	3.0691
215.4332	2.4144
186.0663	1.3144
68.4322	1.509
59.2402	2.3498
30.0738	2.9015
36.2222	3.3412
42.3562	4.8961
37.8998	4.1506
39.5718	3.688
17.8488	3.6742
25.3312	4.5957
358.8156	2.5611
30.6989	2.1285
107.1742	1.1657
146.5386	2.0215
134.5327	2.9908
132.4376	2.5089
105.9798	2.4309
77.3454	3.4004
31.3931	1.853
323.9453	1.6052
333.5614	2.3521
7.3067	3.2929
72.532	5.134
62.4746	3.6177
42.1374	3.0957
40.0957	3.4679
312.9498	1.2124
256.681	1.6595
262.4302	2.3132
5.8144	3.439
39.0378	4.7842
12.2214	2.5271
52.4213	3.638
70.8339	6.5077
53.1816	4.9641
51.7007	5.1647
55.8016	5.1915
71.2412	5.5317
65.7191	3.2567
40.052	2.5164
23.9055	2.8085
25.2021	3.6942
13.3092	3.4188
18.9614	3.5104
28.5486	4.767
34.8752	5.6051
38.2337	4.2886
61.5914	3.3759
175.052	2.1213
207.2062	0.5846
246.9709	1.2182
252.43	1.8571
237.0954	2.4577
222.0965	2.624
226.6551	2.417
238.9795	2.3682
233.8917	2.1233
270.6483	1.4462
229.6999	1.3073
357.0222	1.3841
89.0322	3.8056
103.4211	3.2462
195.3464	0.1321
236.9397	1.7804
246.0393	3.4787
295.5503	0.5561
76.7132	3.2644
71.5827	2.407
282.1894	1.7517
323.0687	2.1512
76.6888	6.3121
65.479	5.967
51.3673	5.5101
51.3733	6.1149
63.5381	5.5576
51.3714	5.4471
70.9938	6.5736
65.7316	8.3135
64.042	5.7829
63.3415	4.4708
78.7283	4.186
124.3848	2.7129
124.9199	2.8971
94.1359	2.1884
71.6671	2.6687
82.4175	4.9683
93.7624	3.7879
107.6335	1.3327
178.1831	0.5534
266.9441	1.0892
221.7713	3.0686
193.1789	1.8551
177.8515	1.001
254.2559	0.6497
244.2198	2.0882
236.6547	3.3253
230.2234	3.9519
218.5832	5.0928
192.4521	4.2523
145.7111	2.4223
71.1451	2.9565
55.3423	5.0738
39.4557	5.9449
45.1571	6.1824
46.7085	5.1194
46.3793	4.1955
40.1602	3.8404
30.8997	2.8188
44.4946	5.7946
69.2678	6.3555
66.1404	4.5275
56.3197	3.0141
61.9013	2.5857
110.4832	1.3052
127.1021	2.6303
174.4124	2.0175
64.3912	2.2424
65.6779	5.8202
58.7672	5.2135
78.3103	3.5808
73.7713	3.9269
78.2926	4.6468
74.8664	3.6801
67.6413	3.6707
67.7822	3.9416
68.259	5.4764
60.2914	4.8338
56.2427	5.1769
51.1434	5.6155
46.0134	6.3108
46.6135	5.8643
55.1018	5.0906
45.1247	4.601
31.6374	5.1284
39.7245	6.1603
47.4059	6.4299
58.0332	5.6776
67.9972	5.5966
71.1087	5.5311
67.6788	5.27
56.1401	3.8536
75.1848	4.6657
87.4603	4.9371
70.9106	3.8155
61.0306	3.5645
77.0923	4.2981
78.5698	3.3198
68.6046	3.4593
62.7874	4.474
67.6817	6.0666
73.9737	4.9985
81.9076	4.0388
106.2523	3.5113
106.266	3.2161
81.8002	1.8244
69.7522	1.5134
48.311	1.3084
84.1533	0.6613
108.0914	1.4786
171.6845	0.9066
172.9856	0.9177
184.2717	0.6446
163.0749	0.5932
222.3319	1.0283
213.0614	2.3784
219.5143	1.6149
215.3526	2.4288
208.3599	1.8492
222.8204	2.0142
227.2421	1.0558
229.9276	2.6647
219.2761	2.5311
209.3057	2.9693
216.9007	1.1383
40.5357	1.6638
49.4016	2.691
65.1909	3.1878
57.4105	2.2792
226.6687	1.7042
231.0762	2.349
225.3166	2.1124
214.2506	1.4174
215.1001	2.4577
219.4825	2.577
226.8929	2.399
242.0452	2.2953
216.7585	2.5824
205.2596	2.659
196.9147	2.1374
181.0341	1.2828
117.1852	1.5346
103.4694	2.0243
77.6699	2.4242
74.9275	2.4959
65.1536	1.726
49.4267	1.2343
41.8172	1.1918
67.5375	0.7905
86.093	1.3114
74.6451	1.5871
70.4974	2.403
65.9393	2.6208
66.0158	2.5664
63.6084	2.1326
61.6549	2.1236
56.5002	1.3912
53.8279	0.8491
28.6521	0.4702
88.8818	0.4328
162.2831	0.3484
160.3041	0.7641
165.1982	1.6136
171.1559	1.2986
150.8461	0.6602
131.3261	1.6095
101.3258	1.5
72.9361	1.04
77.4354	1.4778
68.3746	2.0137
69.4352	2.1155
69.9167	2.2047
74.4471	1.6677
75.619	1.4217
73.4617	0.9203
91.9077	0.6489
111.1663	0.6934
111.469	0.99
144.5424	0.9938
135.0923	0.7531
151.5421	0.497
115.2012	0.8274
101.3538	0.811
98.8455	0.4125
229.1676	1.296
233.3858	2.4741
239.0129	2.2566
238.1002	1.9139
25.0045	0.7686
48.3793	2.0097
45.2409	2.0477
44.6182	2.1128
38.3664	2.4964
26.0945	2.675
16.5529	1.7267
41.2853	2.1417
56.7005	2.7479
57.594	2.9242
48.4979	2.7179
41.2439	3.328
26.5426	3.3901
22.1506	2.2198
13.5782	1.2532
329.7531	1.4172
265.0722	1.1682
17.953	1.3367
31.4319	2.14
23.3213	3.3498
29.0695	3.6887
35.3743	3.4217
61.8232	2.6979
56.6049	2.6506
47.9371	4.1393
42.1706	5.3548
44.3999	6.2086
48.8078	5.0832
59.9826	4.3825
115.3328	3.1936
161.3588	4.0529
125.0613	2.0399
71.4637	1.8383
62.4172	2.2105
33.5086	0.8194
314.2563	2.2594
285.6795	2.286
355.81	4.0067
37.0104	5.41
32.0336	4.594
32.2747	3.7244
26.3667	3.3371
26.9742	3.6054
30.2403	4.5011
39.2029	5.0049
35.5871	4.3513
44.1246	3.8399
50.1873	3.5784
47.2395	3.6755
53.3988	3.2986
38.1288	2.5667
31.4922	2.0485
26.8544	2.1869
16.4979	2.5149
342.2973	2.0202
351.528	2.5374
23.5176	3.8108
30.6133	4.4679
30.4553	4.6887
22.7667	4.4572
43.2684	5.4536
58.9061	5.3316
67.7333	5.1526
64.914	4.4457
69.7715	4.5948
60.1256	4.187
42.4339	4.3685
42.8759	4.3
48.1156	3.9033
44.5094	3.179
44.0313	2.5067
28.8266	1.4557
43.8027	1.7273
105.1687	1.8952
151.2375	3.1592
114.5862	1.4114
29.1979	2.568
20.5144	4.6912
30.5039	6.4794
40.6085	5.7683
56.6257	4.0432
97.2696	4.5382
95.2185	3.9731
72.4667	3.3492
73.2407	3.9167
53.3709	4.0597
45.1833	4.1687
33.3275	2.5203
25.0416	1.0456
54.0993	3.3541
59.2244	3.3556
44.8556	2.0996
107.3377	3.0229
165.9298	1.3111
241.5923	2.8128
242.8985	4.2267
245.5717	3.2824
34.9595	4.4001
56.2175	4.4384
46.2602	3.3511
41.2307	3.8772
43.1731	3.4201
48.0975	2.8581
43.7081	3.3163
48.2071	3.6731
42.227	2.6733
54.9881	1.9465
71.9114	2.0865
73.7816	2.7484
78.478	1.9967
70.5444	1.8088
69.4701	1.0152
55.336	0.8604
103.061	1.0229
122.2454	1.5191
93.1802	2.2766
81.1502	1.127
68.0097	2.1974
74.3125	2.3567
71.3662	2.523
72.6631	2.0284
67.5086	0.8311
190.0222	0.7343
232.9754	1.8505
237.3611	0.78
220.7242	0.984
246.8531	2.0664
247.5098	1.6614
347.3818	1.7613
356.4792	2.3042
6.0862	2.395
18.4531	4.0965
21.945	4.1566
21.6636	3.4684
9.5927	2.3227
16.0006	1.6503
322.3432	1.1242
260.3744	1.9498
283.1052	1.228
22.8221	2.756
49.0234	3.3368
27.1733	2.7589
19.6101	1.462
