 126.249	4.77644
 121.834	5.16069
 119.524	4.61956
 122.484	3.90889
 117.306	3.81599
 104.791	4.31477
 96.9418	4.34059
 87.7631	3.78023
 84.5546	3.83538
 85.27	3.51901
 87.6284	3.4781
 90.2686	3.45173
 90.9963	3.65316
 89.5132	3.8473
 89.866	3.25138
 121.898	1.81025
 153.938	2.34211
 180.195	3.04855
 185.159	2.99111
 195.989	3.14889
 188.935	2.89468
 156.943	2.85668
 122.591	3.42194
 120.405	4.18281
 121.14	4.52923
 128.008	4.35295
 121.065	3.60942
 135.637	2.66823
 159.808	2.30419
 185.702	2.35551
 180.768	2.70482
 178.474	2.69841
 165.485	2.60809
 167.081	2.46279
 167.066	1.78001
 170.032	2.12356
 165.865	1.82126
 159.462	2.65705
 151.481	3.33165
 152.688	4.01149
 147.362	4.05016
 148.783	4.04196
 151.407	3.61544
 160.179	3.68441
 164.348	3.44264
 174.017	3.50708
 180.35	3.19816
 204.845	3.73091
 215.495	4.23182
 220.947	4.63432
 214.733	4.81786
 208.52	5.21139
 192.841	4.74029
 175.512	5.63511
 160.553	5.19171
 161.026	5.31541
 158.157	4.76369
 155.932	4.44355
 151.253	3.59675
 165.264	2.778
 200.711	2.89698
 215.107	3.06978
 212.015	2.73935
 223.579	2.74534
 211.498	2.88581
 211.825	3.03077
 203.977	2.6308
 192.998	2.7836
 167.053	2.7888
 174.184	3.46587
 161.265	3.94774
 159.291	4.60856
 143.98	5.24576
 141.076	6.4738
 141.101	8.05681
 155.485	8.89881
 183.368	7.06254
 180.831	5.20345
 166.977	4.78907
 159.123	4.08702
 156.791	3.56071
 252.916	3.27919
 270.935	5.10845
 271.453	5.60051
 257.342	5.53306
 219.412	4.56578
 151.989	4.49821
 135.573	5.53841
 137.212	5.09946
 152.597	4.37626
 151.546	3.72154
 148.454	4.19804
 134.293	4.30132
 142.803	4.89297
 143.542	4.90998
 144.196	4.68363
 143.187	3.50632
 120.14	3.40936
 103.505	4.2774
 105.141	6.04073
 110.228	7.57954
 118.573	9.05413
 125.781	9.9249
 130.764	9.95098
 132.028	8.37702
 139.571	5.96844
 136.581	4.33761
 157.783	4.25659
 150.415	3.99982
 152.957	5.25472
 132.149	5.75797
 134.546	6.17019
 122.447	5.36308
 131.051	4.41128
 128.721	3.86008
 132.031	4.38547
 129.215	6.30079
 140.753	8.68605
 146.219	8.04565
 153.224	3.80925
 270.407	5.37205
 276.92	7.12026
 254.991	4.04727
 149.727	4.17071
 120.357	6.4737
 133.731	5.58887
 131.764	3.30245
 119.921	2.91252
 111.958	2.24468
 279.275	1.70987
 276.933	3.06377
 284.406	6.51606
 284.925	7.66564
 288.077	7.85202
 283.734	7.70543
 268.671	5.61982
 262.251	4.12929
 252.536	3.36326
 248.887	3.27461
 237.878	3.64876
 230.127	3.70858
 221.266	3.4452
 217.974	3.03029
 208.551	3.10795
 200.608	2.6989
 213.751	2.59324
 223.076	3.04715
 237.348	3.62307
 249.495	4.14073
 253.726	4.49274
 250.669	3.55709
 214.825	2.39844
 134.949	2.62078
 111.165	3.26493
 105.486	4.10851
 103.819	4.37188
 100.567	5.07738
 100.001	4.54243
 96.3543	4.34811
 99.8661	3.6724
 90.3085	4.14978
 90.7429	4.37936
 90.6398	5.56831
 99.1312	5.26329
 94.0217	4.74516
 99.2731	3.54984
 111.943	2.71528
 180.365	2.55435
 202.751	3.6446
 226.475	5.32371
 233.088	5.74543
 248.599	5.33472
 251.983	4.73857
 251.93	3.98194
 233.246	4.04406
 238.701	4.42282
 235.945	4.03144
 236.545	5.01807
 241.283	5.89459
 241.049	6.66178
 242.021	7.10675
 230.268	6.13275
 232.581	7.8853
 250.112	8.52061
 250.134	6.85401
 222.087	5.21083
 239.822	6.28236
 251.145	6.80954
 251.944	7.33284
 211.932	3.8021
 144.542	3.90564
 128.32	4.62734
 110.34	4.14646
 90.1988	4.18923
 82.2979	4.76651
 81.4234	4.91765
 85.331	5.43438
 87.8197	5.54697
 86.3518	6.48501
 73.8591	6.29417
 63.6001	5.97699
 53.9979	4.18855
 75.5486	2.76944
 102.255	4.09503
 93.1996	5.22382
 100.873	5.02099
 105.121	4.73914
 117.104	5.26527
 124.088	4.32334
 129.124	4.08157
 110.945	5.26589
 103.862	5.12295
 91.1326	5.35703
 99.8711	4.93239
 102.018	4.50486
 105.199	3.81171
 91.5033	5.25757
 98.2988	6.88528
 89.7738	8.58672
 83.3944	7.96204
 81.6501	7.73408
 83.5439	7.04253
 78.8762	5.81331
 82.4286	3.98403
 66.0629	2.0446
 56.3908	1.55945
 210.14	0.489191
 178.278	3.43994
 156.709	4.3086
 158.067	5.7793
 178.552	6.92778
 198.033	7.52536
 214.457	7.90452
 227.912	11.5562
 286.785	12.7092
 292.146	7.9381
 263.289	5.18622
 247.646	4.75886
 246.187	4.5485
 214.254	4.12048
 189.943	4.25018
 185.93	4.24097
 163.277	4.03758
 198.571	4.53923
 209.57	5.21187
 194.402	5.94108
 165.173	7.32337
 224.887	5.89796
 247.923	6.26453
 237.796	5.60838
 175.067	4.08183
 163.696	5.57257
 168.895	4.96888
 169.306	4.6445
 157.163	5.1195
 150.26	5.72373
 153.875	7.38334
 163.095	10.541
 161.574	9.25153
 149.838	7.4152
 107.26	5.10631
 92.3313	4.74798
 93.856	4.83807
 93.9443	3.46411
 124.323	1.07067
 271.033	2.03108
 242.751	2.41658
 206.909	2.64377
 142.168	2.92728
 114.718	4.42479
 118.126	6.70006
 131.932	6.77103
 129.095	7.36719
 128.272	7.35689
 140.926	6.51642
 155.281	4.43068
 173.507	3.42364
 158.385	2.06518
 125.94	2.37371
 107.172	0.183281
 274.142	3.71078
 276.114	6.53357
 265.859	6.37808
 258.404	4.58515
 238.127	3.12431
 147.547	1.79334
 111.972	4.58696
 122.661	5.58134
 121.901	5.8083
 126.36	5.29997
 119.874	5.1573
 114.514	3.98244
 133.561	2.43428
 246.523	4.22313
 257.392	5.53668
 247.885	5.393
 231.461	4.58532
 234.209	3.0283
 256.545	3.62986
 261.529	6.3135
 257.292	7.13111
 256.901	8.48827
 222.003	4.21223
 163.215	4.30099
 132.106	5.46292
 148.77	7.51234
 140.081	7.08095
 147.84	6.68946
 176.058	4.71478
 179.429	1.60665
 70.7823	2.41499
 70.1503	3.07742
 84.2032	1.77779
 220.254	2.24086
 224.975	4.60307
 216.477	3.99548
 173.347	2.61074
 79.8303	1.95098
 78.1352	4.15805
 76.3354	2.98232
 54.0888	3.91972
 48.9048	5.30952
 46.3924	5.72406
 53.3941	4.66123
 66.2938	3.84799
 62.5994	4.95499
 64.862	5.329
 63.4074	3.99348
 66.0597	4.41557
 68.8893	5.02341
 74.9218	4.46298
 79.8424	3.81447
 93.2661	4.19037
 80.7365	5.61268
 77.5652	5.3906
 76.7768	3.86726
 66.9504	4.44904
 68.3531	6.5386
 77.3192	4.96084
 86.2369	3.63159
 99.1904	3.0781
 72.9548	2.36117
 103.912	2.4596
 119.045	3.99781
 109.012	4.78371
 93.3576	5.64178
 90.329	5.83613
 88.6863	4.95214
 90.6318	5.26275
 91.5848	6.20278
 94.401	7.2815
 92.8711	6.40378
 80.9593	6.60425
 75.8792	7.06919
 44.5286	4.09608
 281.448	1.97681
 250.559	4.11098
 252.954	6.73678
 247.351	6.44906
 245.624	7.62724
 246.284	7.41203
 250.001	10.2498
 244.192	6.56732
 239.817	6.72828
 239.074	5.84686
 248.349	7.61056
 237.198	4.82498
 226.399	4.53292
 211.026	3.66598
 207.936	2.15316
 76.2894	0.709338
 83.6257	1.98476
 77.3126	1.82402
 24.5868	4.13849
 342.598	2.21631
 255.938	3.26257
 238.385	4.92904
 220.638	3.50656
 152.115	3.83069
 144.597	6.01175
 161.911	8.51233
 174.711	8.46717
 186.15	6.41141
 189.174	4.67426
 177.989	4.14243
 256.25	3.30095
 261.474	5.86811
 213.783	4.44612
 161.675	5.08291
 196.412	7.35113
 212.843	8.12982
 217.356	5.46629
 161.87	6.76894
 241.506	8.20478
 261.654	9.72619
 273.993	7.20744
 279.527	4.75095
 300.844	4.89793
 333.24	2.87795
 302.371	1.90078
 268.441	1.11033
 338.836	1.22624
 86.1564	2.08321
 115.224	3.08747
 108.063	4.03488
 109.234	4.90757
 105.451	5.18348
 111.722	4.62368
 110.411	4.51018
 116.502	4.62503
 101.176	4.43746
 101.795	3.87825
 99.8187	3.24728
 85.7214	3.70283
 69.1889	3.48643
 67.5888	3.29638
 68.5567	3.68369
 65.8469	5.79493
 57.5523	5.69614
 53.8166	5.31863
 54.3743	6.59551
 62.6395	8.04343
 59.1313	6.89557
 64.524	5.56338
 64.1866	4.21556
 45.1334	1.59309
 312.801	1.72624
 260.202	3.97415
 248.844	5.8262
 250.932	8.90972
 243.517	5.82629
 259.49	4.05637
 281.832	5.41882
 252.669	6.32234
 51.5165	3.98564
 18.7989	7.02786
 342.442	5.16308
 312.058	5.94945
 285.485	4.69837
 263.626	5.54673
 251.992	4.98665
 248.68	7.73357
 239.176	6.94023
 239.715	9.06888
 258.212	7.46822
 224.534	8.82798
 214.245	8.39541
 217.853	8.43267
 249.241	12.1133
 256.468	12.7991
 247.927	11.7367
 257.733	12.1166
 271.176	13.0897
 282.547	17.4233
 275.154	8.99343
 171.362	4.19345
 31.3636	7.85805
 307.543	9.77284
 289.031	10.7334
 279.373	10.88
 282.645	12.4724
 274.726	10.6637
 274.037	6.61007
 245.914	7.09478
 243.532	7.03583
 255.119	3.84521
 22.0627	3.08412
 3.67379	3.49085
 346.904	2.91347
 21.8481	6.00723
 331.239	4.23204
 306.258	6.92233
 331.522	9.33673
 330.16	10.5007
 325.45	9.36748
 317.716	8.43294
 305.546	13.5965
 286.004	11.5061
 260.861	7.08043
 188.533	4.57265
 131.234	3.70394
 55.8508	5.56609
 356.36	7.02583
 275.067	4.80514
 278.135	11.2939
 288.989	10.0024
 289.242	6.337
 267.653	5.90008
 280.594	7.44691
 304.969	8.31086
 318.606	4.03621
 213.015	3.59608
 179.63	5.18603
 228.247	10.8433
 260.265	14.9178
 253.329	13.2265
 251.677	10.0307
 258.916	8.57153
 335.466	3.24662
 312.066	6.70198
 303.201	9.24643
 291.543	12.4993
 266.606	8.10403
 256.928	8.16229
 256.969	10.8145
 264.628	12.388
 264.227	9.88187
 268.095	10.6808
 272.723	11.0261
 269.585	15.1271
 259.453	9.24223
 248.159	7.17643
 249.725	6.81965
 254.335	9.27621
 257.696	9.53058
 247.754	10.4708
 242.713	12.5734
 271.14	10.3102
 281.562	6.07533
 241.994	5.38671
 238.642	7.67702
 244.442	11.0492
 243.757	7.10519
 246.577	6.81624
 256.171	7.11083
 277.085	8.24787
 276.301	5.30182
 255.266	4.5164
 243.383	5.2591
 258.254	6.90349
 253.08	3.70035
 255.392	3.17718
 275.856	3.47852
 262.294	6.04062
 325.498	1.95301
 72.3367	4.5554
 83.822	8.08218
 97.6544	12.5354
 104.726	12.8087
 103.921	10.8015
 84.5055	8.11473
 26.1626	2.42014
 272.952	2.79736
 126.674	1.65755
 58.701	2.2124
 25.6379	3.75477
 319.418	1.98303
 40.8903	0.977479
 63.7854	0.972529
 8.22508	3.9321
 308.024	4.38182
 294.232	5.04906
 279.147	5.18391
 284.172	6.12133
 280.97	3.19005
 264.731	1.02018
 277.853	0.844303
 320.783	4.05711
 289.58	4.64987
 265.622	3.2819
 239.393	2.43274
 352.197	1.46713
 326.529	2.29056
 302.633	3.47354
 278.423	3.24516
 281.355	3.7034
 284.747	1.62252
 74.6881	1.34556
 73.8431	2.59752
 84.748	4.5415
 82.1541	6.03406
 78.7735	6.45113
 79.7399	8.01595
 95.6316	9.92865
 94.8153	8.76798
 104.812	8.93607
 109.085	8.284
 123.931	9.35099
 124.666	8.38309
 120.624	7.74973
 114.951	7.26351
 110.422	7.51
 106.388	7.19661
 92.7768	8.18767
 87.7237	7.20173
 98.1278	8.86306
 85.4293	6.41309
 76.5866	5.79663
 60.1897	4.03377
 78.3542	3.18463
 114.792	2.69424
 93.3646	5.65658
 115.822	6.81921
 148.952	7.78073
 158.767	8.65675
 171.432	6.08981
 181.201	4.18065
 140.003	5.51582
 140.393	7.60347
 136.969	9.32265
 164.35	9.19783
 177.38	8.47579
 188.599	6.45854
 242.347	4.29252
 275.384	2.20968
 25.3286	2.52668
 40.3189	3.71477
 51.8051	5.40783
 50.9798	6.36986
 44.7449	6.49501
 40.0165	4.45328
 50.7162	5.07267
 54.5322	6.51868
 61.6402	8.30872
 45.5171	6.46608
 40.4736	5.97045
 33.3307	7.16494
 32.1967	6.084
 42.4797	4.95397
 47.1123	2.96638
 63.2504	3.87008
 62.719	4.15377
 57.6552	3.90688
 78.2158	2.96864
 79.1608	3.61021
 89.6635	3.14985
 84.6383	3.24073
 87.2398	2.76755
 94.0501	3.68974
 97.0958	3.85403
 86.8351	3.66057
 96.3269	2.32722
 82.0654	2.99511
 73.8804	2.65494
 44.2832	2.59773
 57.1897	2.38884
 25.8496	1.62779
 0.876172	2.85127
 334.574	2.54408
 287.583	2.16535
 289.762	2.81006
 311.784	2.42344
 301.904	2.60329
 274.332	1.69344
 270.693	2.50873
 252.195	3.43546
 266.923	3.05483
 253.468	2.18285
 254.489	3.35735
 241.402	0.629309
 106.361	3.14921
 173.155	6.07682
 230.216	5.1516
 284.4	1.96247
 61.1721	3.68223
 80.6704	1.10796
 290.157	8.16731
 266.146	6.75637
 212.513	4.16719
 129.05	3.97999
 168.823	8.37487
 272.615	9.10105
 282.347	6.81814
 257.985	3.47917
 237.79	5.35681
 247.746	6.24151
 238.337	4.4055
 173.187	2.23117
 176.723	4.44596
 192.528	4.75907
 246.746	2.1329
 275.167	2.09698
 280.071	3.07898
 267.827	2.78542
 199.553	2.87733
 161.803	2.39347
 198.6	5.17187
 209.987	5.41716
 216.238	4.24382
 217.783	2.36138
 203.769	5.10424
 239.211	5.58445
 243.693	6.10229
 325.621	3.33379
 27.9043	2.07751
 80.8125	2.86896
 119.311	3.10106
 129.428	2.12755
 173.922	5.2183
 189.085	5.94707
 184.19	5.24707
 175.587	5.13526
 171.137	6.42202
 168.08	5.79593
 159.761	2.6471
 160.222	2.40479
 187.004	2.42642
 338.448	1.97057
 3.13543	6.23649
 16.5364	6.94557
 43.1053	7.53638
 63.1995	6.97523
 78.684	7.17956
 104.127	5.68882
 120.086	7.90411
 148.237	7.89525
 161.833	5.80522
 172.593	4.85005
 200.392	4.54277
 205.325	0.7436
 109.159	1.99503
 137.953	2.6864
 184.823	6.13175
 219.323	6.51411
 244.272	3.32612
 260.186	2.69373
 252.359	3.65065
 333.399	5.02602
 8.75628	5.24022
 19.2075	4.29388
 33.606	4.4484
 24.9112	4.48479
 27.1326	3.56282
 31.0538	2.387
 42.1019	4.44874
 35.8515	5.07652
 48.0476	4.66724
 35.6535	3.569
 55.0112	4.95986
 56.5968	3.79841
 74.3882	1.78435
 156.521	2.09264
 201.288	3.68712
 240.062	5.46522
 265.31	6.03359
 277.684	3.18243
 286.778	1.74548
 217.182	2.26521
 184.873	2.61494
 248.126	7.47309
 274.991	7.01961
 259.462	5.48957
 225.043	3.59353
 192.012	2.88403
 228.316	1.63564
 273.307	2.92042
 282.307	3.41687
 302.415	3.88205
 298.577	5.22763
 317.016	4.50575
 298.173	4.33347
 300.206	2.8991
 301.383	3.17559
 300.941	3.01613
 241.29	2.02814
 272.503	1.60385
 114.892	1.67499
 103.606	1.04848
 67.3249	2.70068
 50.6082	2.79701
 35.643	3.87643
 20.8567	4.85799
 357.194	3.94595
 346.019	2.37936
 344.574	3.47867
 339.343	3.93542
 40.2125	2.37438
 78.4647	2.29821
 100.142	4.15592
 102.766	4.10988
 104.264	5.48296
 103.955	2.92136
 104.844	4.78409
 132.633	3.30838
 81.4003	2.73591
 88.5554	1.96395
 60.85	3.06018
 34.624	5.35367
 35.9662	5.01825
 42.5135	3.25073
 49.4152	1.64993
 10.8827	3.2866
 37.4599	4.82443
 60.2535	4.01716
 86.0868	5.54435
 88.9731	4.82124
 81.9233	4.79975
 78.5696	2.73915
 78.6018	3.66394
 94.1672	2.73032
 105.489	2.9507
 143.433	2.59688
 167.326	4.46624
 198.062	2.92352
 339.905	0.551871
 75.9937	1.74755
 84.4431	4.47684
 49.9966	2.89509
 341.926	5.95907
 328.662	7.2637
 340.316	5.20406
 340.083	3.31252
 84.603	3.12212
 99.2853	3.81098
 118.933	5.364
 164.5	7.91022
 199.756	5.20799
 189.295	1.88859
 302.946	2.71572
 271.263	7.20825
 264.136	5.28942
 276.629	5.40584
 262.279	6.05164
 250.569	5.97014
 230.608	6.27416
 253.175	6.6098
 222.044	5.51287
 213.366	9.56177
 224.852	5.74308
 258.498	5.61716
 267.034	4.74095
 253.026	5.58049
 270.303	5.79508
 264.672	5.15093
 270.882	5.05904
 293.923	5.7238
 301.815	6.65941
 301.496	5.5693
 296.922	4.39815
 252.276	4.07105
 218.395	2.85369
 190.553	3.34402
 17.0456	0.472774
 351.005	2.3269
 38.8209	1.4226
 65.4454	1.6325
 182.18	0.469664
 277.494	1.50368
 275.113	1.55794
 143.1	1.59475
 117.716	4.07807
 115.633	3.93864
 51.2978	4.32362
 346.997	3.29007
 334.845	2.14809
 334.491	1.24568
 92.7419	3.41052
 102.846	3.76891
 106.921	7.19725
 121.666	8.24793
 115.895	7.02925
 124.889	5.55478
 114.237	4.58283
 107.524	3.28041
 73.0074	2.4107
 113.031	4.22051
 165.956	3.45292
 242.52	6.15171
 268.682	4.4998
 257.548	2.45632
 54.012	1.14694
 67.2222	2.9753
 60.9704	4.50023
 81.4995	4.5089
 145.97	5.30184
 166.187	6.25694
 167.35	6.33158
 149.82	5.38369
 161.823	5.79468
 203.881	5.37552
 238.269	4.70287
 227.03	4.63462
 209.727	5.7647
 222.763	6.20072
 162.407	2.23744
 133.296	3.68566
 117.969	4.88351
 220.567	5.46019
 287.802	3.60908
 290.481	5.71462
 279.013	7.05884
 292.371	8.06205
 283.707	6.32373
 279.563	7.1862
 270.128	6.89788
 268.312	7.26754
 256.089	3.87612
 169.297	2.60913
 152.605	5.82466
 175.102	9.33331
 169.856	7.16189
 230.307	5.03432
 238.233	4.5977
 57.331	2.29396
 35.6072	3.7794
 50.9515	3.51386
 357.231	0.760581
 256.179	9.1088
 258.224	9.22547
 256.93	8.67454
 254.882	7.91233
 267.702	7.65864
 279.414	2.49762
 151.894	0.114086
 104.15	3.06098
 126.421	2.3401
 97.4672	2.27594
 140.069	2.43084
 122.204	4.04406
 143.937	3.71956
 93.5741	3.87911
 104.648	4.92343
 101.229	7.18721
 120.695	6.46835
 122.515	3.51353
 135.628	3.2777
 142.129	4.27331
 155.048	5.47289
 147.345	3.46474
 150.056	4.12937
 159.672	5.2532
 194.026	3.79255
 287.44	1.79019
 354.013	2.37784
 42.8889	1.97993
 80.6587	3.91225
 72.3651	3.30511
 94.2587	2.50628
 99.5519	3.58819
 112.224	3.86774
 89.574	2.107
 116.142	1.99123
 141.301	2.87359
 193.852	2.48648
 275.334	0.990836
 56.8878	1.877
 37.3801	7.12551
 51.439	6.73324
 65.6157	6.79354
 82.0693	6.29583
 89.8765	7.14573
 93.8059	6.57543
 96.1901	5.52127
 123.738	3.51345
 132.874	4.46981
 156.486	4.00175
 139.217	1.69382
 160.114	2.1421
 148.489	2.89356
 283.941	0.719911
 345.131	4.6835
 328.833	5.53089
 309.546	4.7947
 292.704	6.14677
 279.588	4.97167
 269.539	5.60717
 266.352	6.33334
 263.347	5.75091
 234.89	3.57762
 236.575	1.12463
 256.223	1.01426
 260.555	3.40287
 229.984	2.4021
 208.213	2.30294
 177.798	2.29234
 246.986	2.41746
 55.5838	0.794654
 187.649	0.67032
 130.947	1.02455
 201.913	1.26635
 163.619	1.55496
 217.816	2.50763
 235.912	2.50869
 206.904	1.26389
 113.599	1.70134
 138.685	2.18467
 106.328	1.95836
 356.34	2.34713
 339.875	5.75615
 337.64	7.04309
 346.093	5.38413
 355.943	4.75966
 16.0574	1.7263
 37.4141	2.24952
 46.0293	4.4405
 51.0674	4.95711
 49.8755	3.96014
 41.1662	2.85142
 50.7706	3.83293
 56.8209	3.27277
 65.7817	2.41147
 76.6616	2.30639
 89.2064	3.41466
 139.266	3.38348
 137.061	2.61865
 155.049	3.02045
 144.566	3.89791
 157.343	6.00265
 122.247	1.07744
 314.832	3.77512
 293.81	6.1365
 277.41	7.67622
 227.677	3.75025
 178.578	3.18376
 191.606	2.78873
 268.353	4.9122
 321	0.988887
 55.4057	4.66531
 81.6821	6.32009
 214.122	5.82316
 235.313	13.1673
 221.475	14.0563
 228.327	15.2332
 241.115	14.7502
 244.521	13.4421
 241.519	11.6508
 230.744	8.6794
 246.371	9.48782
 243.498	8.09842
 251.274	8.91355
 246.003	7.34571
 249.02	7.58714
 222.671	4.75538
 206.913	4.3235
 184.137	2.76336
 243.681	0.608454
 317.286	1.15704
 304.167	2.09472
 287.381	3.33731
 298.915	4.97241
 278.949	5.25725
 264.267	5.23179
 264.877	6.393
 262.935	8.21823
 213.568	4.27911
 179.877	3.10113
 196.63	2.60674
 290.481	2.71388
 265.399	4.93948
 253.065	7.72319
 263.053	7.27054
 276.754	9.28325
 257.035	9.62256
 250.727	10.4226
 250.413	9.82115
 247.71	11.1622
 273.453	8.68073
 303.671	3.63093
 42.2309	0.310006
 74.808	3.25328
 59.9584	4.89848
 15.02	6.36433
 341.549	5.86338
 304.072	8.37604
 280.271	6.18319
 269.417	7.00162
 266.214	7.11481
 268.495	10.147
 268.852	6.19832
 287.5	3.74236
 293.167	2.28479
 278.272	4.30406
 254.327	4.63655
 235.994	6.76115
 228.481	7.36237
 221.353	8.43615
 225.129	9.44967
 235.047	10.9217
 267.569	7.20671
 253.344	8.96117
 252.736	9.94765
 214.671	5.6884
 152.656	6.06069
 167.257	8.87901
 170.456	9.37125
 160.791	8.37805
 156.38	8.46412
 157.329	7.12438
 160.61	4.57148
 229.509	2.73841
 252.519	3.29397
 265.639	4.76419
 297.736	3.96993
 305.748	5.75596
 301.835	4.89116
 310.904	5.96266
 293.848	3.54737
 261.322	3.71924
 223.464	3.47363
 184.918	3.20696
 144.57	5.09585
 152.398	6.88169
 156.553	8.36331
 173.57	11.3375
 170.204	9.95222
 164.334	9.64463
 156.959	9.50579
 156.501	8.16253
 149.382	7.58248
 150.557	6.42782
 143.016	5.12373
 143.884	2.00537
 218.223	0.56781
 256.791	2.62787
 262.347	2.67528
 228.957	1.81029
 104.683	2.99672
 112.717	5.00135
 109.501	8.3664
 119.528	9.80239
 135.552	8.65663
 156.296	6.67319
 171.415	5.2185
 225.843	4.59867
 197.595	3.93638
 129.866	4.53956
 107.095	6.21299
 98.715	8.78515
 102.311	9.266
 99.1614	7.439
 95.5268	3.62073
 269.658	2.66095
 270.483	4.47127
 270.853	4.1446
 270.456	3.32388
 283.068	3.10519
 277.22	2.49695
 251.052	1.99824
 240.397	2.5192
 241.981	2.74173
 132.777	0.675835
 166.868	1.18755
 201.119	1.01879
 213.862	2.14617
 225.704	1.86145
 228.581	2.94774
 228.167	3.91228
 241.281	6.20563
 241.104	7.3348
 252.902	9.87619
 285.081	6.67732
 294.464	5.7198
 268.321	5.89711
 246.629	6.73435
 232.488	7.21777
 221.264	6.92189
 197.743	3.61856
 157.997	3.11838
 145.884	3.74623
 145.281	3.93961
 129.215	3.95304
 133.486	3.68806
 123.911	3.41235
 123.766	2.24124
 138.496	1.80521
 204.899	1.40177
 202.914	2.56319
 190.695	2.73652
 192.588	3.05094
 190.906	3.03159
 173.586	3.03598
 165.308	3.60342
 154.523	3.60126
 151.469	3.92004
 149.639	3.9635
 153.586	3.41074
 153.463	3.58988
 160.914	3.59213
 167.501	3.46411
 182.863	3.44417
 195.323	3.37098
 189.727	3.85801
 167.075	4.36866
 156.685	6.36664
 163.701	7.17294
 182.861	5.57574
 225.246	4.65396
 233.875	5.21919
 234.823	6.55256
 255.869	8.38708
 256.384	9.07944
 252.23	11.556
 252.605	10.0338
 227.267	7.16028
 196.791	7.64717
 191.326	8.54962
 207.333	7.62746
 226.361	8.42675
 217.918	5.21226
 248.711	5.58772
 227.675	5.96499
 226.953	6.68429
 239.386	6.25107
 290.412	4.86006
 282.721	5.8252
 262.014	5.75812
 248.565	5.44979
 197.37	5.09136
 181.142	5.25344
 189.82	5.25175
 195.597	4.84697
 191.296	4.79536
 182.144	4.17825
 181.283	4.5035
 164.26	4.17314
 150.546	4.15926
 133.535	3.90925
 133.776	2.86438
 147.605	2.14395
 173.881	1.95971
 171.673	2.03292
 191.549	1.5823
 211.713	1.5976
 192.843	1.89072
 179.857	3.13041
 164.029	4.41035
 168.425	5.82502
 169.384	5.28823
 153.036	5.40871
 148.079	6.70997
 150.229	7.28549
 153.719	5.43595
 160.993	2.85423
 133.387	0.886809
 35.7285	0.542424
 358.782	1.58892
 352.067	0.665806
 284.469	2.54267
 281.909	7.23313
 284.67	6.38352
 285.594	6.41209
 278.86	6.13645
 273.191	8.66337
 271.456	8.00153
 260.346	6.52866
 245.124	4.90534
 210.397	3.68967
 158.71	4.27031
 150.114	5.02879
 149.931	5.94776
 142.231	6.74033
 150.665	9.76612
 152.698	10.29
 157.765	9.57584
 152.328	7.88157
 144.557	6.21427
 131.123	4.78176
 127.226	3.95861
 122.146	3.36718
 136.33	3.6219
 137.982	3.48188
 146.607	3.39619
 141.083	2.33556
 237.481	0.692943
 286.461	1.70172
 274.65	3.2513
 267.974	3.94275
 253.6	4.47313
 250.669	4.66786
 246.712	5.35717
 244.163	5.62913
 244.368	5.31873
 244.035	5.02549
 240.585	4.82381
 234.764	4.39973
 210.456	4.31539
 186.923	3.59084
 176.085	4.06274
 163.923	3.75505
 157.54	4.04542
 151.521	3.48213
 158.013	3.59946
 143.391	3.22579
 144.3	3.27808
 131.864	3.27122
 133.758	3.68682
 119.587	4.17384
 127.605	4.69738
 129.092	5.47945
 158.297	6.10516
 178.497	5.36799
 174.768	4.42803
 174.182	3.78634
 211.039	3.42441
 236.579	3.35171
 234.281	3.97002
 242.523	5.7238
 233.552	5.87787
 190.377	4.58965
 156.069	5.07765
 221.837	3.91506
 225.972	4.23267
 197.669	3.68759
 172.37	3.91068
 185.557	4.16328
 195.037	4.31386
 174.856	4.69707
 196.137	4.53585
 258.747	5.18009
 241.445	4.11809
 224.184	3.43405
 176.932	3.12059
 164.974	1.93889
 167.353	1.92017
 238.603	1.84652
 246.228	4.09024
 248.882	5.10387
 245.823	6.42676
 234.855	5.49285
 185.931	4.61035
 129.699	5.17807
 145.081	8.08994
 145.103	7.8245
 134.087	6.51863
 143.374	4.32869
 154.697	2.93038
 105.987	2.75418
 89.8087	4.23268
 87.1852	5.12119
 80.2955	4.72113
 72.0904	3.70977
 268.747	0.440699
 238.163	3.06517
 226.725	4.46178
 218.415	4.22073
 234.168	3.92463
 247.52	3.24927
 234.347	4.6288
 219.123	4.83217
 201.169	5.65525
 184.913	5.06069
 185.466	5.0849
 185.265	4.49065
 193.973	4.28104
 184.323	3.53008
 168.466	3.09868
 139.877	2.63607
 130.51	3.07394
 138.858	3.76922
 145.619	4.81177
 142.554	5.04707
 142.649	4.69826
 140.122	3.74493
 149.78	3.1155
 162.102	2.61017
 189.926	2.49958
 217.817	2.95573
 230.676	3.83316
 232.638	3.36198
 226.726	3.58632
 224.025	3.05388
 232.141	3.03569
 224.88	2.20981
 312.773	0.988933
 311.056	2.68075
 310.892	4.4771
 330.734	3.93038
 31.0271	3.77438
 32.3154	3.6655
 57.507	2.35069
 157.255	2.22534
 190.86	4.02646
 190.304	4.10573
 195.324	4.14559
 205.359	4.35697
 226.71	5.02277
 234.979	6.38366
 236.645	7.29278
 239.616	7.62688
 229.7	6.53194
 196.746	5.18
 176.093	7.05644
 176.854	8.82389
 180.895	13.0697
 184.966	12.8781
 190.774	9.39653
 195.953	6.47552
 281.215	11.174
 278.738	9.51068
 241.2	5.09715
 191.642	3.58335
 176.713	4.00633
 193.432	3.20389
 231.88	3.6462
 235.531	5.5794
 238.365	8.04038
 236.539	9.55815
 241.898	11.2505
 254.404	12.5317
 261.324	12.3156
 260.243	12.7364
 255.121	12.369
 259.637	12.623
 261.115	11.6301
 260.232	9.68843
 246.392	6.12513
 209.926	3.9969
 158.355	4.99707
 161.265	5.76625
 168.266	7.03657
 169.972	6.63354
 176.121	6.2573
 181.227	4.82655
 190.294	3.8903
 171.06	3.05695
 146.997	2.22233
 186.353	1.41567
 220.645	1.28917
 199.83	1.27115
 156.225	2.51944
 119.046	3.30266
 131.899	3.70669
 146.343	3.49407
 180.051	3.37454
 180.208	3.5676
 171.573	4.37333
 157.726	5.10441
 192.296	4.76877
 221.702	4.84663
 224.207	5.87315
 200.292	5.94818
 217.613	7.02005
 243.279	8.92944
 261.069	9.38968
 265.764	9.38272
 265.388	9.15351
 267.864	8.20898
 264.568	8.17509
 273.868	8.94403
 275.602	6.07
 255.062	3.55409
 168.617	2.94578
 116.026	3.09014
 128.29	2.78141
 111.04	3.14706
 77.0939	3.89738
 31.1525	4.20646
 346.482	4.50463
 279.531	3.69587
 243.098	3.904
 257.505	4.05039
 247.374	4.47814
 244.726	3.57563
 232.796	3.78636
 226.212	2.98183
 236.395	3.2526
 257.616	3.23491
 278.1	3.75433
 282.79	3.91586
 280.204	3.89374
 280.937	3.59725
 284.912	3.73781
 292.63	3.33787
 2.00824	2.12333
 40.4619	3.12066
 36.0166	3.33538
 32.5808	2.47788
 301.881	1.27081
 254.413	2.61691
 248.009	3.83229
