39.6763	2.1472
35.0089	2.9376
42.2295	3.7601
58.2396	3.9763
75.2683	4.0965
75.1532	3.928
82.5826	3.6749
68.564	3.2607
60.8099	3.5255
61.403	4.2745
62.7774	4.4049
84.0304	4.2053
96.2711	4.0839
110.608	3.947
105.9793	3.2572
47.0895	2.3291
57.0254	2.6569
86.0903	3.0145
75.9214	2.1287
91.6456	1.7659
144.8519	2.1546
145.2923	1.375
193.8198	1.3331
192.4423	1.5067
185.3799	2.1315
176.7185	2.5806
169.6352	2.4922
170.5787	3.2973
155.2643	2.9618
141.3537	2.7876
123.5804	2.8302
107.4692	2.6022
84.7372	2.3497
66.4582	2.0869
53.0975	2.7563
44.7362	3.2963
46.5365	3.7305
46.7167	3.5487
45.1638	3.0973
69.1912	1.6273
148.9607	4.179
143.7456	4.1806
138.7204	2.9526
133.4911	2.1626
69.8201	1.6711
17.8564	1.7949
332.6596	1.8875
269.4172	2.5024
255.5233	2.174
229.9129	1.1669
162.8124	1.3923
131.7181	0.895
257.0594	1.4881
237.6876	1.2838
229.3321	1.5197
228.321	1.214
230.5854	1.0462
215.9209	1.2589
148.7634	1.4304
161.2019	1.2809
239.029	1.4092
354.0322	0.3539
38.24	0.6647
341.5219	1.1136
304.2446	1.482
255.5247	1.5556
231.1538	2.3879
221.6524	2.579
225.0842	3.1824
222.8716	3.3075
215.9352	3.6761
189.7523	2.8516
161.5531	2.6266
143.2379	2.2345
124.0719	2.3855
135.2617	2.3598
134.3593	2.6131
120.9736	2.4698
97.7166	2.3681
114.1839	2.0466
116.1467	2.1998
119.4848	1.7465
192.3525	2.954
206.0903	2.4541
148.2388	1.6399
130.6093	2.6679
116.7192	3.7707
130.4995	3.8651
149.2322	3.0432
182.6354	2.8212
155.5118	1.9843
119.4133	2.2004
113.9944	2.5572
139.7762	2.296
159.3052	2.6567
175.8235	2.7148
161.1297	2.0061
102.7022	1.5165
72.0939	2.3579
62.5819	2.1583
51.2443	2.736
54.1991	2.9672
70.3447	3.2581
71.7613	3.2874
70.3288	2.3757
83.6227	1.2985
138.1614	0.8798
172.0648	1.421
319.2863	0.9495
349.4853	1.9862
344.3636	2.5498
359.0444	2.0605
42.3671	1.7573
80.8891	1.738
87.0659	1.7631
87.5258	1.6989
87.1485	1.4783
103.2492	1.5296
164.3034	1.632
144.6862	1.2162
174.2885	1.6043
145.4141	1.3079
157.8562	1.9608
139.446	1.6244
126.1689	1.3595
108.9357	1.0356
137.6383	1.6055
104.8187	0.911
159.6873	0.235
128.5862	0.2374
264.491	0.7338
212.4978	1.3537
190.4788	2.151
153.6732	1.7025
145.8426	1.9259
92.397	1.3044
34.3685	1.1172
26.3186	0.7284
2.1401	1.7341
285.0842	1.5703
227.7568	2.3473
199.3943	2.7691
184.4456	3.2575
130.7359	2.1775
42.0583	1.9002
17.1787	2.1031
351.3319	2.9188
330.5698	2.866
291.0068	2.5145
252.5439	2.509
210.4073	3.1259
195.4583	3.8268
188.4312	3.6158
167.5151	2.7178
128.8669	3.2821
112.7945	2.9143
88.5533	2.551
88.9307	2.4143
77.2687	2.8036
88.9652	2.867
118.8615	3.1303
134.6353	3.1711
139.7633	4.2469
146.0384	4.2885
147.2781	4.2027
155.45	4.1069
138.1172	3.6041
134.6186	3.3884
113.4505	3.0542
121.3354	3.2866
109.1578	2.9774
108.6446	2.7792
98.3635	2.9575
98.7251	2.4907
103.8414	2.7713
107.6161	2.6276
113.3288	2.5888
127.8776	2.7526
115.6542	2.7613
138.2436	3.1442
131.8208	3.3151
126.0703	3.1005
86.4831	3.1718
83.0576	3.1197
69.9833	3.028
67.5459	2.5099
49.5829	2.6954
56.7838	1.9296
64.3878	1.7139
84.0629	1.438
141.1499	2.2635
137.5834	2.1342
129.4834	2.1902
110.091	2.3309
91.6105	2.5861
94.8695	2.2961
91.0543	1.8467
101.0358	1.5992
101.0394	1.6391
119.8645	1.597
144.7235	2.2386
123.9625	1.3731
132.3539	2.3671
127.4279	2.1557
95.0942	2.1422
68.4567	2.0093
51.4813	2.7433
58.5075	2.5265
40.0223	2.2522
38.3912	2.0394
350.1396	1.3427
313.3148	1.2389
285.2176	1.1735
234.3796	0.6533
230.729	2.3523
219.3456	2.5081
215.1845	2.7784
198.3079	2.3005
210.6403	2.9989
209.4775	2.454
210.7512	2.588
193.8366	1.905
218.8369	3.1195
215.1491	2.8293
215.8038	3.2683
203.503	2.7723
212.5952	3.3941
207.5352	2.9208
201.9391	2.8093
174.4203	1.8219
170.9897	2.5056
136.2521	2.1199
127.9439	2.3537
94.0588	1.5161
96.491	2.753
92.6669	2.2626
83.7716	1.692
80.9568	1.1174
59.9457	1.5888
82.0519	1.0049
97.6388	0.6745
96.6379	0.6312
21.089	1.5727
22.0654	1.4876
3.4032	1.6245
36.045	0.7948
25.4008	2.2337
26.242	1.8668
35.6438	2.2604
45.8901	2.1267
64.5851	2.422
90.3868	2.4496
98.6716	2.3673
109.4137	2.7469
127.3586	2.8065
109.8503	2.6252
113.9617	2.6268
109.1372	2.9745
104.6244	2.5496
115.4407	2.5247
121.866	2.2812
118.9014	1.8478
122.138	1.7351
229.9312	0.913
223.0599	0.7709
248.3102	0.6857
267.8201	2.4965
284.7908	2.3848
284.3307	2.6045
294.129	1.5845
309.9978	2.527
326.7822	1.7431
336.6649	1.5651
319.9533	0.3962
339.0997	1.7018
115.0843	2.4481
156.3112	1.9355
191.6626	1.8662
190.7316	3.0738
179.1848	2.8902
151.5251	2.547
138.7225	2.3679
149.7654	2.3101
140.2195	2.477
129.5641	1.9899
104.6767	1.8396
116.3347	2.7455
108.5872	2.6324
85.6501	2.0648
62.9024	1.879
19.5513	2.1088
76.3533	2.0383
87.0251	1.632
87.3071	1.4733
257.3458	0.6213
306.535	1.6571
278.8975	2.3598
273.1443	2.027
272.6173	2.4214
78.5439	1.9833
138.205	2.0003
170.8981	4.8235
166.8747	4.538
148.5624	3.2589
143.5497	3.0769
123.8705	2.8257
149.2236	2.4338
306.2434	1.7554
328.4661	3.0669
354.538	2.8476
18.4668	2.2734
51.5285	2.2182
116.0338	1.5952
216.6829	1.0811
265.7699	3.4304
289.2237	3.5225
306.7454	3.9952
323.1731	2.7491
95.2474	1.1519
120.4944	3.6084
99.3425	2.7809
79.3448	2.1271
10.7712	2.1224
51.0139	1.7584
269.6236	1.06
212.7512	2.657
201.315	2.5314
269.0083	2.0147
281.8546	3.1104
267.6242	3.4849
223.528	2.8183
135.1607	2.8931
116.543	1.1935
333.7576	3.0777
313.0856	4.0653
73.9697	3.6837
55.9894	3.8409
76.2748	5.6241
90.1117	3.4663
143.2995	3.405
148.006	3.7843
112.0475	2.9283
74.7032	1.9927
50.2127	2.0804
34.4619	2.1597
15.6784	2.5206
23.0497	3.6305
19.2007	3.3661
17.1637	3.5243
125.8471	8.3202
107.4402	5.8513
122.1551	5.0675
103.0944	3.5571
107.5903	3.6554
16.6328	1.2319
296.1399	3.26
298.2886	4.0089
291.0017	5.7779
306.2138	5.5024
314.2654	3.3984
80.8856	3.6659
73.2989	4.8021
93.0624	3.8098
53.8873	2.4085
347.0136	2.8802
93.1529	4.8145
108.8951	3.5005
54.6523	2.0073
13.1416	1.5272
343.0049	1.8587
309.2647	2.4193
320.641	2.1227
280.6274	1.8336
235.2694	1.5521
243.047	3.9036
285.6318	3.1411
302.8427	2.5394
325.0342	1.6957
346.5701	1.7399
15.4714	2.2446
359.6336	2.1641
6.5895	4.3445
346.6312	1.9066
306.4115	2.9887
314.5616	2.2548
351.3906	1.5171
121.4138	0.9043
214.442	1.4793
165.8216	1.8276
194.8245	1.4912
191.953	2.8763
181.6449	2.9563
190.4035	4.0731
177.7659	3.6688
200.037	2.6407
200.0597	2.7146
186.3016	2.7968
189.3372	2.6721
178.34	2.0044
196.8929	2.2129
209.8536	2.1887
229.143	0.8233
206.4336	2.3456
190.1194	0.7461
132.5555	0.4762
120.2588	1.5838
91.8959	1.379
87.3282	1.4641
10.3421	1.2132
26.591	1.398
325.9165	3.3867
353.7415	2.9377
8.6696	2.2066
31.1748	3.3338
333.8043	3.3807
345.6843	4.1745
359.2413	3.7517
351.2578	1.7388
138.7488	4.2383
137.4654	3.3048
124.4998	1.864
121.2505	2.831
30.656	1.3149
15.6294	1.5122
8.227	0.9933
79.118	2.2163
348.634	1.5801
306.8221	2.733
297.3256	3.5779
31.4587	3.4437
68.7395	0.8685
61.7356	2.3276
30.9074	3.5932
54.7258	6.6733
72.1688	3.0041
58.2909	1.9308
59.5312	3.317
60.9045	4.9598
87.0761	2.6956
41.023	1.914
51.2754	2.0745
90.1717	4.1446
31.858	1.821
8.2271	3.0866
358.9983	3.2214
47.7998	4.5157
14.0308	3.0611
18.1061	3.3469
356.0597	3.3984
355.9122	6.305
88.6584	7.2302
93.7997	5.8401
99.2201	5.4208
103.3707	5.9176
124.5359	4.6182
116.7265	4.4392
153.4607	5.4603
173.9527	5.2258
155.7822	1.964
354.4786	0.9946
341.9346	2.0258
328.9192	3.8126
320.458	3.1212
33.327	1.7007
62.3376	1.4571
37.105	2.1496
268.5849	1.9711
160.511	3.8054
141.6212	2.9578
152.1011	5.0608
159.2238	4.8377
159.3709	3.292
142.1624	3.377
102.3865	3.2363
161.921	1.9216
30.5626	0.5924
26.0954	0.8422
107.7573	1.836
104.542	0.748
14.3246	1.7092
357.6863	1.8937
37.0607	3.8522
20.5291	3.2272
10.914	4.0575
5.9473	4.8125
38.6005	6.2653
101.4458	2.3861
330.5116	0.9497
68.3403	3.2845
74.9567	4.5829
110.3209	4.0288
107.7637	1.0159
263.4409	2.979
246.963	4.0839
210.4709	3.0217
172.1665	3.0531
150.0147	3.544
157.2823	2.2559
279.2457	1.4104
97.1952	1.8533
357.0204	0.1325
284.9238	2.5923
279.9564	3.6009
293.8244	3.2352
18.7753	2.9014
61.3925	6.2749
88.2973	1.0245
243.8124	2.9608
135.6303	2.2026
99.7244	3.8417
30.5046	3.0003
6.5216	2.7405
340.9481	2.7016
341.2468	3.4725
327.8007	3.6516
341.8476	5.2941
339.7084	5.2414
32.3814	7.8977
75.2513	6.9655
59.7017	4.6023
77.2137	7.1648
72.2689	6.0467
102.2232	3.5372
35.9084	2.0664
94.5977	0.7968
111.7342	2.0923
196.3434	2.1551
208.08	1.5398
201.919	1.8812
211.1787	1.4432
218.1171	3.2039
244.2961	3.7368
227.0315	3.579
224.5057	2.5199
197.3216	2.0718
250.4652	3.2168
254.3479	2.5954
239.7188	0.9956
210.7071	2.7586
256.8594	3.2109
237.7416	2.2008
190.0495	1.8804
240.6814	1.7191
299.0779	2.9823
285.9803	1.7879
302.4932	3.668
277.0358	3.8705
323.7291	2.1687
341.0093	2.9867
333.899	4.5626
346.4219	1.5852
36.5696	3.4452
49.7179	3.9815
58.1656	4.7043
75.1329	3.2506
47.1008	3.5142
68.0072	3.946
98.5957	4.6482
175.6663	0.8224
282.8941	1.052
261.3067	1.1732
261.4079	3.5198
247.5198	3.7081
245.95	4.7832
243.2791	5.335
240.9739	6.5233
239.3643	5.6026
243.2015	5.2227
274.117	5.2871
327.9555	5.7994
343.8658	1.8129
295.7685	2.1617
354.0398	2.0414
354.6904	4.2105
28.4633	3.3566
32.4252	2.6547
39.0859	2.7703
57.5575	4.4838
117.1164	2.1463
249.7978	2.2624
264.4781	2.4292
275.7592	4.0913
268.0915	4.1687
291.0885	4.7014
91.265	2.9022
89.6989	3.4288
22.2789	2.1037
8.0486	5.2
83.697	4.593
82.1295	5.6222
104.7048	4.2054
66.9273	1.5227
235.6145	1.1472
129.0639	2.6559
100.573	2.1743
63.2147	2.9695
313.9737	1.6137
328.5706	3.3905
311.9048	1.78
89.7698	2.1522
22.2891	2.4061
87.3411	4.1954
98.5494	1.8547
325.0925	2.0011
5.242	3.787
103.127	5.0707
141.575	3.6434
152.5154	2.648
182.6066	2.4878
147.3105	2.048
142.0029	1.3914
230.1614	0.4873
266.3554	1.2615
355.0911	0.182
339.8375	1.8443
8.0205	3.131
7.8289	1.8265
321.5583	1.4744
295.3686	1.3575
302.5345	3.1415
314.0635	1.9069
317.2636	2.7807
313.1322	2.1462
323.5494	2.6801
334.5946	0.8856
50.8203	0.3387
180.0046	1.1309
194.4704	1.5533
230.4038	1.8669
257.1198	4.6528
258.9357	3.8229
287.0108	3.1767
270.1891	1.8103
289.0963	3.1383
298.8027	2.2312
285.4347	2.1135
268.1724	1.3136
285.0974	2.4552
263.6037	0.2407
121.6676	0.9466
226.0466	0.9666
209.7449	1.4869
255.1036	4.0504
274.1303	4.7778
262.1872	4.0619
255.6248	4.0848
259.5452	3.4908
255.7848	2.3456
179.427	0.6104
189.9377	1.1094
235.3692	1.4082
270.2829	2.3238
260.73	3.1445
262.3758	3.7748
263.166	5.1025
261.8363	3.3189
260.4687	3.2435
272.3856	4.308
290.7383	1.0817
150.2412	2.2846
231.0782	0.8714
223.6617	1.927
94.547	1.0912
106.8728	1.9227
161.1188	1.1633
186.7757	2.4554
186.3975	2.2901
175.0421	3.1861
177.4407	1.9798
182.2338	4.0947
206.4128	4.0402
120.5582	1.7395
232.3145	0.6576
171.7864	3.3443
240.6521	2.7172
358.0079	3.293
302.7205	0.175
129.0298	0.8312
70.063	1.2117
348.0503	1.647
180.7207	0.7107
153.1773	2.1846
170.6355	3.0424
161.0158	2.1855
185.8021	3.4915
213.2396	2.8711
248.1651	2.4397
278.9628	1.6322
281.6115	1.4567
287.503	2.878
330.4789	1.2461
331.5741	0.7471
252.2394	0.6682
254.7247	0.9608
303.2611	1.9411
315.1442	1.3354
263.1927	0.6284
250.3672	1.6446
147.2617	0.9039
187.6274	1.4558
215.1939	0.7203
159.0372	0.9818
141.3567	2.2517
128.6767	1.8683
159.7145	1.835
162.6476	3.2109
195.3394	2.8037
304.8624	2.7708
262.0971	2.478
205.223	1.5639
206.6977	3.5486
147.5372	1.806
85.9284	1.4784
178.6402	1.7302
211.3178	1.1945
251.9232	1.9731
210.3929	2.1862
216.9233	2.4182
204.7903	2.7371
210.9416	2.7983
204.7522	1.7883
202.0139	0.9682
240.653	0.6478
339.7634	0.9488
280.6986	0.7564
201.9016	2.3045
270.0687	1.5844
34.3301	1.8358
237.7206	0.5037
323.5158	0.5488
46.5961	1.5475
311.5324	1.3202
301.1876	1.3391
310.0974	2.8847
265.9235	2.621
299.4675	3.242
280.1089	3.0352
225.3705	0.9895
204.3131	0.9678
0.859	2.2131
33.2538	2.3711
38.3523	3.1786
47.3724	2.5952
44.1332	2.1017
107.3872	2.2861
108.299	1.843
130.7982	1.3467
258.0498	1.7843
8.9647	0.6956
94.6031	3.5375
125.4786	4.0437
148.5666	3.3353
161.5481	2.6408
181.862	2.9146
179.3709	3.3846
195.6092	4.0626
205.6166	3.4203
209.6074	3.8193
194.0889	3.3064
197.8856	3.6055
196.5346	3.1267
197.9137	2.7131
161.1338	1.2958
146.0485	1.7984
113.9426	1.4505
155.7344	2.3816
160.3894	2.3421
201.3627	3.1813
192.5642	3.2057
199.8079	3.7808
188.1765	3.0677
200.0984	2.7401
192.2452	1.5626
214.2498	2.392
312.9392	1.0846
104.6937	2.0893
213.3014	1.5244
195.5923	2.1837
212.4603	2.1959
250.2757	2.9609
263.1737	2.2462
227.4231	2.217
230.6544	2.3582
242.061	3.0349
231.9925	3.603
214.4509	2.607
199.9974	2.809
198.7713	3.2699
200.7271	2.5449
191.0538	3.5206
137.9628	1.8786
157.6138	2.5728
183.4581	2.3439
154.9195	2.6414
353.5167	0.8681
24.1006	3.4036
39.0193	3.0073
36.3223	3.4243
5.6616	2.7471
354.405	2.6846
338.3828	2.0893
349.6196	3.2563
293.7899	1.7817
170.5912	3.2222
192.1641	4.8383
199.0972	5.6498
197.436	5.6381
208.5228	5.236
193.6941	5.2951
173.3134	4.9895
137.696	4.7981
109.0644	4.1476
82.0849	3.1705
79.4891	3.7667
62.7166	3.8729
38.6417	2.3642
26.5607	0.5027
313.6839	1.1087
178.5206	1.4821
145.55	2.3595
158.697	1.4895
201.1448	1.5137
284.5727	0.924
290.8163	0.6571
257.9673	1.2944
249.0485	2.8476
235.2351	2.4777
255.2767	3.0959
232.0303	3.1558
223.8708	2.9631
185.7354	2.7076
144.3281	2.3203
130.8387	2.0172
115.6256	2.2488
76.4412	1.8657
80.6751	3.0816
105.5597	2.5308
124.1614	3.0456
65.6409	3.3298
71.0541	2.9828
52.9355	2.1371
63.7901	2.4422
23.3077	2.1566
15.8077	2.0312
43.7669	1.4604
14.2231	2.0269
59.4972	4.8841
57.3189	4.5184
60.518	3.7637
78.6809	4.3187
93.641	3.9445
93.3779	3.0101
92.003	1.4509
67.7	1.1612
327.1459	2.097
299.7792	2.7369
315.8005	1.8054
309.8774	2.4813
285.5653	2.8536
330.6139	4.0056
87.509	4.9354
99.2795	4.2507
90.9891	3.9997
71.4601	3.2942
95.0098	2.2089
125.1797	2.5092
57.2871	0.2529
33.685	2.0324
336.4677	0.2444
308.6471	1.1481
271.3082	0.6161
288.0863	2.0111
288.294	1.455
309.4858	1.7151
311.0814	1.1432
19.6099	1.7581
58.7562	2.3638
48.4343	3.0785
60.5279	2.8944
20.6989	1.5792
75.1017	0.923
13.0215	1.3442
353.3472	2.1275
79.5162	2.9969
80.0483	2.5602
84.5371	2.9314
26.0669	2.0622
57.1784	2.6416
33.7229	1.7761
15.1762	3.1505
345.0154	3.6101
327.6229	2.7045
306.5365	1.0436
286.7134	1.5052
110.065	0.5165
257.0937	1.1764
314.6314	1.5022
323.6768	2.9462
302.604	2.776
311.4621	3.2103
315.769	2.786
338.3746	3.9525
324.5107	3.2008
324.9146	3.5353
324.0903	2.94
314.6464	2.9651
312.8475	2.8456
14.5879	2.0045
106.565	1.7904
119.1694	2.1582
169.4531	2.0656
221.2412	2.8043
227.7124	3.6462
254.2193	3.2529
9.3483	3.3082
11.7883	3.3169
6.4131	3.1393
18.5134	3.0281
328.0984	1.0927
226.9337	0.8561
209.1905	1.1218
196.6694	1.747
203.9908	1.3462
296.2424	1.0375
318.647	0.9889
336.2104	0.713
18.0614	0.6914
12.4735	1.7791
8.6398	1.6184
31.1018	2.2948
349.9115	1.7607
6.0237	2.3969
45.0667	2.386
58.6308	3.0034
65.6498	2.4238
59.1932	3.0964
65.8945	2.7267
66.3539	2.3895
96.807	1.6051
112.0402	1.4271
149.4336	1.6532
166.2225	2.3828
91.6072	2.2511
104.4955	1.6935
36.5359	0.1724
246.585	0.8217
219.8425	2.372
257.0262	2.2066
248.1523	1.4647
238.1534	1.14
10.5512	1.4981
49.5828	2.3331
47.793	1.4372
52.0865	1.6323
14.3405	1.1951
25.7015	1.887
347.049	1.9388
352.6559	2.3245
1.5868	2.6359
330.0927	0.8262
270.9628	0.7886
286.5828	1.4132
256.2129	1.9026
310.7144	3.0563
327.4001	2.8067
343.0325	4.1105
59.901	5.9043
41.4436	3.4378
22.9288	2.7417
25.8705	3.2328
35.5214	2.6727
76.3346	2.7807
83.3431	2.7905
94.2322	3.5439
145.2202	4.0623
166.2212	3.2817
148.7998	2.9766
128.0411	2.7785
17.0243	1.9464
20.4185	3.6906
27.1838	3.0203
62.3784	2.9154
114.9983	1.976
169.4342	2.0931
216.2068	1.5978
166.8716	1.1881
286.9653	2.5611
352.9012	3.1351
13.1631	3.7023
17.0553	6.0178
35.5125	4.343
34.5714	3.4536
117.6571	2.7745
158.2565	4.7238
147.2299	3.6962
135.3042	3.7107
118.1154	3.3735
128.2684	4.2922
116.6544	2.6165
107.8218	2.6139
101.0846	1.7178
100.3595	2.7508
35.4012	1.4263
60.9758	2.0096
24.5158	1.1153
26.0034	1.1585
299.2681	2.6797
274.1699	2.8283
245.7016	2.3857
178.9919	1.4435
212.1609	1.6264
301.4232	1.9378
274.3425	1.7799
280.818	1.4756
264.9588	3.3622
284.61	3.0991
272.9763	2.9802
262.6142	3.3647
258.5442	4.0064
265.137	3.4898
264.5827	3.7766
272.696	4.0432
252.5408	3.3101
261.3817	2.4514
257.0323	1.8004
245.9537	1.0275
229.0144	1.8459
229.2135	1.1969
188.7146	1.2093
165.6834	0.7281
142.0459	2.1618
140.0982	0.7646
151.5108	0.2828
87.1074	0.7897
152.8214	0.4402
103.8055	1.2065
80.7292	1.7975
93.3456	1.565
132.582	1.6465
143.1921	0.7473
173.598	1.0075
140.1513	2.3312
155.7549	2.0612
189.5782	1.9109
166.4742	1.8132
137.8957	1.9398
117.2124	2.3374
52.1486	1.9153
45.4303	2.9887
43.691	3.0666
47.643	3.7244
75.6934	2.1998
143.7729	0.5955
0.1257	0.7864
33.4414	3.4304
37.0562	3.8164
42.6724	4.2964
57.5716	4.7599
64.2923	4.1651
67.5662	3.5831
79.5134	3.0147
71.9424	2.5173
51.2659	2.8761
49.0652	2.6857
26.8221	3.0433
35.7763	3.2915
30.5287	3.9406
30.2252	3.4895
27.6664	3.5034
37.5271	3.377
42.6643	3.2446
13.9711	2.7663
359.6503	3.6688
10.6261	3.088
345.9422	3.6052
351.2534	3.2185
54.3372	2.5539
87.4754	2.6897
156.8221	2.4282
186.6713	2.2095
164.9358	2.0053
93.8745	2.0329
69.2244	3.4994
126.5321	2.3554
105.5644	1.6439
100.8443	2.1809
53.0505	3.291
67.106	3.1703
93.4127	2.7353
70.0418	2.0515
27.3738	2.4587
58.616	2.8032
27.9679	2.6898
51.3342	2.2792
89.8671	2.6031
96.7765	3.5068
82.689	3.5885
86.7614	3.9043
20.2309	2.9752
345.6668	3.4913
76.7562	5.4992
65.2499	6.2895
61.501	4.6558
58.9505	4.5843
74.8073	4.5299
95.7953	3.9644
74.6345	2.8858
96.6519	1.8555
72.8702	1.1002
98.5451	0.6596
174.9181	0.2906
282.3025	1.2159
266.8378	0.8388
179.0606	1.9615
186.7883	1.5435
156.323	1.5577
34.7211	1.7908
43.8423	2.929
37.751	4.2021
61.0805	3.5223
116.6863	2.682
145.7	2.0577
134.9375	0.3314
356.5846	2.3828
12.5449	3.0897
33.6725	3.5028
47.5072	4.1572
81.2895	5.0976
92.2967	5.7091
95.6403	5.7663
75.9527	3.6253
42.0447	2.5501
328.0457	2.7873
337.5308	3.4835
32.6662	3.1945
47.5788	3.1335
74.802	2.6883
118.4203	2.7949
121.5429	3.1202
106.1174	3.462
108.3807	3.2824
130.9288	3.476
108.3023	1.3493
20.0751	2.0718
2.3872	2.3549
353.9605	2.8548
359.4584	3.4322
1.9956	3.2361
4.1892	3.2901
6.2675	2.613
357.5202	3.3014
358.8758	3.2885
356.8361	3.971
15.68	3.6947
68.4013	4.9958
75.1578	4.2169
64.5792	2.9805
83.0522	2.9567
64.0205	2.0334
47.9286	2.6825
24.9994	2.8496
26.751	3.9844
21.3989	4.2745
51.1813	3.9286
50.0524	3.3431
95.2771	4.08
80.0788	3.445
73.2153	2.765
45.144	2.1183
60.435	2.9356
25.5496	2.78
26.3095	2.8254
19.7678	3.2193
34.3154	3.4697
34.6081	3.4054
32.2412	3.2141
35.4109	2.6522
29.5204	2.3565
19.728	2.2771
6.1285	1.9985
357.646	1.5655
350.5547	1.0457
275.4085	1.2466
246.7693	0.7882
276.7807	0.9089
237.5091	0.476
297.6997	1.1034
321.8391	1.4722
333.304	1.4496
24.4256	1.2302
49.0232	1.3428
31.4901	2.5304
25.9906	3.4357
4.8608	4.3064
0.9682	3.9067
30.6587	1.8176
110.3503	1.5096
130.4888	2.3962
322.7153	0.4925
16.1574	2.325
8.0921	4.318
7.2586	5.5322
18.0717	6.2151
21.6959	5.4785
31.7733	5.4958
30.8287	4.0936
26.0692	4.5075
23.9429	4.7294
50.2099	4.9086
57.2474	5.4263
70.461	3.9137
44.601	3.092
50.7931	2.3511
51.3533	1.7198
12.8092	1.5301
300.271	1.6296
283.6202	2.4851
331.8319	2.7097
50.2082	3.2053
32.8975	2.9733
63.5535	4.0052
99.2365	3.4393
121.9882	4.617
136.4589	3.5045
116.8509	3.1421
88.8337	4.1121
49.1653	2.851
9.6547	3.1014
357.0122	3.3572
352.1599	3.0718
13.7936	2.5054
26.7073	2.4111
73.8039	2.8722
56.7739	2.8368
56.7086	2.5187
46.715	2.1557
68.8332	2.1115
56.586	2.2227
42.6967	1.3921
9.3866	0.8913
161.1808	1.9958
104.3106	1.6524
346.9379	1.4585
352.9404	2.3401
354.1016	2.9192
0.5822	3.4628
342.7251	3.4129
349.9735	3.5288
13.6716	2.737
341.1557	2.3891
321.6931	3.648
328.6178	4.4609
333.524	3.9715
337.6697	3.2323
0.0668	1.9072
140.0251	3.8583
170.433	2.9046
213.8252	2.4339
198.5436	3.0338
171.1528	3.5172
193.8557	3.7156
207.9989	3.6495
183.8898	3.1013
132.0889	2.43
78.9846	1.2056
335.4011	0.3268
7.9956	1.5779
346.4034	1.7382
344.8827	2.3244
353.055	1.8735
358.9146	2.3004
351.8865	2.6946
349.1985	3.2039
358.3778	3.4149
350.8692	3.5063
336.5738	3.3683
319.7482	3.1264
314.1327	2.3125
307.2956	2.3072
297.0823	1.5391
96.8821	1.3482
77.0052	2.1677
70.1462	2.0476
50.691	1.7276
57.0029	1.4007
59.0421	0.4391
38.2747	1.3033
49.2194	0.9493
76.7315	0.6558
263.318	0.1962
357.4397	1.1983
337.0706	1.6451
317.5887	1.5293
274.3141	0.8202
15.9293	1.3269
38.1969	1.4014
15.0111	2.068
13.6751	2.0897
3.3844	2.3274
349.8171	1.8007
307.6984	1.2901
237.4575	1.8177
218.0519	2.9267
216.5543	3.2722
216.8538	3.4408
204.9041	2.6815
215.5128	3.1612
217.1123	3.3278
197.5302	2.5891
186.5806	1.1659
140.7083	0.8752
138.2346	0.656
172.9026	0.3707
252.4227	0.6442
306.1629	1.175
263.6394	2.2176
240.7493	2.7277
226.3349	3.2731
199.8661	3.3385
200.6727	2.221
178.4601	2.3878
173.4093	1.4092
147.0457	1.4784
139.8653	0.7706
73.2994	0.1786
268.589	0.3151
328.2632	0.7137
277.4514	0.7758
268.2352	1.4095
214.0545	1.2883
169.8581	2.1536
136.0964	1.3981
104.5791	1.269
97.4238	0.6528
60.3093	0.5111
252.5765	1.0722
225.3095	3.1279
214.3926	3.8877
201.3048	3.7241
192.8251	2.8126
38.7152	0.4355
329.2563	0.9486
347.6879	1.6868
327.4868	1.897
326.3671	1.0269
293.1384	0.0411
97.9088	0.7635
72.5695	1.1446
81.0945	1.6149
90.7139	1.2709
78.7497	1.4735
88.9435	1.2733
80.3162	1.6436
71.1726	1.6274
76.8719	2.2979
71.3627	2.1731
61.7101	2.2244
67.611	2.0516
62.3787	2.2373
34.2577	2.5021
32.3081	2.5632
29.5196	1.872
41.307	2.4883
33.8354	2.2947
20.4803	2.3871
30.6898	1.9455
32.7041	1.9476
48.7318	1.7697
47.3264	1.6184
36.0223	1.8799
31.2773	2.4337
25.2356	2.8127
9.2886	3.0501
1.9858	3.2449
354.9524	3.6883
353.817	3.358
345.8907	2.7515
354.231	1.5974
44.3343	0.9245
80.1625	1.586
21.9503	2.4765
21.3869	3.1106
31.328	2.9327
59.428	2.5008
21.564	2.6168
5.6467	3.1439
4.79	3.2621
19.1557	3.2075
54.7196	3.1449
51.6018	2.8631
52.1936	2.8778
21.9843	2.5792
350.5592	2.4086
34.3127	2.7215
56.8583	3.1559
14.2599	2.4711
13.2073	1.507
156.9586	1.7055
116.4681	2.302
47.367	2.4641
31.5318	2.452
47.6519	2.2625
332.8364	1.4489
211.6059	1.7029
157.821	2.2078
103.3717	0.7696
343.9948	2.9895
324.1768	4.2445
315.9226	2.9396
289.6684	2.6788
301.9726	2.6745
17.7566	3.0368
36.1167	1.8164
359.6717	1.5739
46.4301	1.4719
56.3111	1.3614
293.1513	3.9393
74.6179	4.4504
57.4624	3.0621
3.8817	3.0858
340.8565	3.1632
319.0486	3.5176
304.2536	4.1153
296.9042	3.5352
274.3527	3.3073
258.7262	3.1016
238.8882	3.1225
202.0568	2.4483
158.3785	1.8903
129.5492	1.4705
86.3406	1.8328
76.5465	2.4543
51.758	3.0823
49.9726	3.1603
47.059	3.5526
50.7957	3.4744
47.4649	3.3877
46.7447	3.2052
35.8175	3.3878
19.9548	3.1209
18.1508	2.8715
19.3189	2.2659
51.7944	1.802
75.9369	1.5058
56.912	1.4915
52.9713	1.2851
57.8526	1.5903
34.0065	1.5899
25.6227	2.0261
18.7832	2.5198
20.3611	3.4834
28.0813	3.7888
38.0967	3.9028
47.2377	3.6834
56.2403	4.1953
70.997	4.1071
84.8039	3.8557
74.4899	3.4174
76.2047	3.612
63.0068	3.4028
54.2912	4.0167
74.4899	3.4174
76.2047	3.612
63.0068	3.4028
