51.311	2.7091
50.0136	2.9231
68.039	2.769
47.247	2.8559
66.4352	3.0471
89.3965	3.2304
79.3121	2.8579
47.6005	3.1147
57.1283	2.8713
107.2655	2.0603
97.884	2.0453
63.7616	2.5474
63.8292	2.7775
52.536	3.3122
58.9908	3.5674
64.4652	3.833
61.8047	3.6333
58.3204	3.8366
62.875	4.0023
71.5122	3.3375
142.1647	1.7691
160.3461	2.522
150.0139	2.5657
134.7472	2.7593
128.4203	2.463
115.4731	2.3795
115.8765	2.2804
111.3694	1.9459
105.5768	1.6463
100.9768	1.4005
105.3079	1.5537
90.3718	1.4903
51.6584	1.5528
25.0041	1.9141
32.0053	3.0095
35.8385	3.3011
19.8945	3.401
9.3491	3.2194
1.6795	2.9029
341.5223	2.222
325.7804	1.8529
323.4264	1.2974
325.6479	1.615
318.2574	1.7492
334.3684	1.6803
343.0653	0.6887
356.1582	0.6396
100.0494	0.2726
119.677	0.5231
110.0037	0.6234
135.9274	0.4637
211.4117	0.9087
212.5699	2.0037
185.9008	1.3855
141.3033	1.6562
110.0647	1.4153
102.0231	1.7166
109.5661	1.3386
78.8994	1.2083
228.2426	0.471
229.7456	1.0832
228.441	0.7092
229.7125	1.3303
238.2122	0.9851
225.6288	0.6911
108.6729	0.765
82.4533	1.7902
76.0258	2.2995
88.127	2.416
90.9583	2.5717
69.7345	2.6339
49.0711	2.7756
19.2085	2.4563
18.3218	2.6428
6.8817	2.9853
354.9885	2.9791
350.4442	3.1777
357.3178	3.0516
0.1345	2.9176
353.3912	2.6611
3.1017	2.4297
14.4149	2.3094
14.8476	2.8067
13.5653	2.6324
6.449	2.262
6.5013	1.5935
7.6202	2.0422
349.8369	2.0946
338.5414	1.7771
326.0096	0.8531
275.6146	1.203
202.6916	1.784
179.8202	2.1821
175.7597	2.5399
179.6993	2.1817
206.602	0.9857
323.9796	0.949
352.6863	0.4899
119.4604	0.9776
158.1044	1.8531
196.4776	2.5049
197.0915	2.7331
206.4195	2.761
209.5242	2.7712
199.3943	1.8802
176.4218	1.4016
161.32	1.7071
164.0872	1.7806
186.0397	2.0395
139.2698	0.9307
125.7799	1.7755
155.6542	2.4287
160.5036	3.0727
165.0293	3.2374
172.9689	3.835
176.0265	4.2216
181.7947	3.8428
170.5106	2.815
157.99	2.7644
132.4879	2.6907
103.3451	1.9602
87.8045	2.6342
64.6034	3.4343
56.3961	3.8569
54.0483	4.1003
64.6713	5.4054
67.635	3.7708
122.9335	2.5841
112.3588	3.1345
73.016	3.0112
106.4013	4.1415
94.0116	3.8622
82.8926	4.4812
80.5455	3.7246
80.4821	3.5911
138.703	3.2096
147.4407	3.6387
183.5962	4.7183
177.8835	2.7922
149.3359	2.9471
125.8393	2.7669
115.9068	2.723
83.1363	2.6623
61.1186	2.4428
47.9656	2.4893
45.9099	2.844
52.106	3.9181
59.1439	3.8252
175.8517	2.8429
241.9038	0.7184
204.3771	3.5357
166.3474	3.1688
164.0257	2.9171
138.9886	2.5205
123.1277	2.6241
141.3119	2.5005
142.4687	2.3596
125.1372	1.7544
119.1622	2.4661
113.0497	2.4668
113.1854	2.1323
111.6218	1.8534
104.5942	2.1983
104.6236	2.258
105.7264	2.1032
92.9852	2.1183
83.4033	2.6343
64.7394	2.4606
50.318	2.4488
45.472	2.4713
29.4023	3.0461
24.7339	2.9952
22.9517	3.0013
38.3835	2.5033
32.3857	2.7058
41.5086	2.2382
34.8641	1.9917
50.3618	1.3642
66.1306	2.2157
102.8759	1.6781
112.4983	2.1138
91.0993	1.3567
87.2597	2.1195
108.3857	2.2624
106.1445	2.4844
70.1592	2.5769
51.8712	3.534
71.2617	3.5993
74.4886	3.6778
90.2644	3.2173
66.7309	1.9843
130.346	2.2976
185.9076	2.3014
173.0785	1.8654
109.9325	2.112
77.4905	2.5206
54.0749	2.5969
64.8058	2.4414
46.7485	2.726
49.6639	2.3031
42.3296	2.2142
33.4146	1.4411
16.2698	2.2584
2.0815	1.638
358.697	1.2854
16.5689	0.7902
111.8254	0.4989
187.5507	0.2897
170.7271	1.1414
101.7549	0.8119
354.1542	0.6177
284.6133	1.7889
250.1162	2.5018
229.3475	2.9915
215.7612	3.2952
204.259	2.6061
197.4688	1.9756
135.9642	0.7529
125.4374	1.5479
43.1384	1.6064
19.1026	2.1139
24.4908	1.6306
358.9064	2.8624
334.0619	2.7707
316.4902	2.9498
304.7245	2.2331
275.165	2.7773
247.3722	2.8284
232.0452	3.1317
217.2434	3.1659
211.6842	3.0167
203.2532	2.7289
200.8689	2.6208
183.3311	1.9603
163.5852	2.2416
149.3378	2.1997
132.2076	1.9456
100.8928	1.283
64.6921	2.3066
64.0228	2.0724
32.4154	2.3073
26.0721	1.3202
14.4731	2.5183
356.489	1.3099
342.1494	1.8296
216.5352	0.243
153.8619	1.4233
154.8137	1.2973
158.5422	1.6063
186.5953	1.527
199.7199	2.3642
213.1975	2.5137
216.3963	2.5251
200.5515	1.8016
205.2068	2.461
204.4012	1.8949
142.2881	0.6188
80.8349	1.2096
55.6345	1.9787
47.8357	0.8402
212.4978	1.2046
166.9743	1.1648
174.0969	1.7669
23.2697	0.863
5.3617	2.3801
5.9721	2.0509
350.6204	2.4914
321.3356	2.1192
277.2928	1.7576
238.8005	0.8474
194.7241	1.5787
52.3342	2.9131
52.0207	3.5196
82.5174	2.7708
72.397	3.9124
133.176	3.9052
172.7652	4.4364
151.1079	4.64
158.9836	2.9078
104.3076	2.3378
69.0258	2.5181
148.657	2.4475
196.4081	3.5761
174.8174	1.8956
169.6604	2.4596
156.9248	2.432
163.5632	2.6251
133.2046	2.8688
124.0373	2.814
98.4206	2.1789
52.4801	2.0804
338.0743	0.4894
141.18	1.2633
169.7525	2.2497
171.1221	1.8705
192.5583	2.951
193.8832	2.444
120.787	1.5904
88.1199	1.8388
101.417	1.7123
97.4093	2.4052
132.5251	1.3928
275.2059	1.8038
354.7749	3.0113
342.5913	2.8011
334.1611	1.7003
309.092	1.7562
298.7176	1.9284
300.7148	1.3227
18.543	0.3758
353.388	1.4448
354.987	2.7128
357.9917	2.8773
352.8663	3.105
341.4065	4.0687
335.9847	4.0588
346.4117	3.7951
45.5973	3.611
73.509	3.5072
53.7959	3.3699
49.6282	3.1352
53.5719	3.5957
57.3814	2.7782
66.9302	2.7785
80.0789	2.4008
106.5975	3.2043
120.022	2.8087
118.2282	2.7662
127.4935	2.5966
107.351	3.2629
125.4153	2.6416
132.9384	2.2371
119.6498	1.6028
57.5929	1.2108
330.4655	2.6755
318.0687	3.703
325.1033	3.7461
36.4333	1.4578
313.3097	2.0981
56.5743	2.4934
86.9456	2.6751
100.2963	4.0943
85.5483	3.6988
88.3702	4.1162
100.0115	3.3054
111.4345	2.1221
172.606	2.7122
128.9799	2.5569
126.9802	2.4287
103.0618	2.713
114.5835	2.5441
196.8534	1.6259
183.8385	3.1451
166.5192	2.7646
150.6171	2.1798
153.5475	2.6274
156.1208	2.4178
119.4949	1.6803
86.2836	1.7646
43.78	1.101
30.7686	1.1425
55.873	0.6638
278.0859	0.2846
15.0106	0.2567
91.3102	0.2961
110.559	1.5738
129.7968	2.1496
65.5337	1.5043
215.3791	0.178
175.49	1.5549
182.911	2.4422
171.8533	1.9721
162.5163	2.8167
149.0664	3.494
165.7987	3.0945
168.1936	2.692
158.3538	2.1783
140.3901	1.2144
236.5168	1.6395
329.5826	1.3062
317.8806	1.529
355.5405	1.2921
315.635	2.2176
316.7958	3.2273
323.7213	2.7686
320.6451	2.6886
348.9295	1.3917
341.1375	2.1299
338.327	1.3516
109.2337	0.0507
254.7732	1.74
320.6835	1.6362
345.182	1.3918
103.9098	0.4244
37.1552	1.4578
82.7418	2.3199
98.4235	2.3534
69.8329	2.7574
102.2645	2.2946
95.6442	2.741
95.6418	1.6404
47.198	2.6256
341.2708	3.4011
316.1949	3.6958
287.6982	2.8743
299.9904	1.9718
2.586	1.8571
329.0683	3.4586
327.3437	4.243
314.2697	6.2598
318.3415	3.7366
78.0035	3.5374
57.8618	2.6065
62.857	2.4918
48.6109	2.5284
67.3535	2.4635
50.8937	1.9251
47.6806	3.0748
21.8236	2.6309
11.2674	3.1327
356.0536	3.3802
348.1478	6.0431
344.9336	4.0505
93.9855	3.5716
73.7566	2.1177
100.4138	1.9978
119.5288	2.0143
134.8011	2.7722
118.3325	1.7624
108.9823	2.3077
4.6881	1.2707
329.9325	2.215
283.6447	2.4715
302.6477	3.1979
235.684	3.5558
256.0133	3.3971
232.8579	2.5401
233.7059	2.218
234.6269	3.1169
269.1915	3.0336
227.4487	3.5394
210.91	5.6778
212.4089	5.7115
207.8504	5.2901
207.1608	4.6323
181.6833	1.4525
56.7467	2.205
12.0986	0.9794
92.338	0.1964
99.8759	1.9303
105.7894	1.3766
145.5468	1.5837
185.7467	1.1559
201.3929	1.3796
193.4821	2.843
205.9647	3.8494
195.3481	3.9654
185.119	5.3388
161.987	4.2455
156.3528	3.7302
149.9367	3.9821
136.8962	3.1047
173.2001	2.2188
183.7044	2.743
197.0984	3.0244
189.0582	3.0174
187.4848	2.6733
187.1341	3.3865
178.4235	3.5074
171.204	3.9281
178.5806	3.4941
168.1075	3.8054
169.0055	4.0463
157.6265	2.9539
171.1102	1.6988
181.7588	2.5956
207.8513	2.048
189.4378	1.7128
175.241	2.2547
186.383	1.7846
161.447	1.1531
126.8838	1.6727
139.7013	1.8238
176.4304	1.2482
158.1296	0.8397
90.7882	1.8621
217.896	1.748
261.6364	3.166
265.6343	2.2572
291.613	1.9748
243.5586	2.4955
271.1654	2.559
289.2623	1.1697
75.3866	0.7218
193.7441	1.1527
293.2604	2.6038
313.6757	1.4893
5.0449	2.7238
334.9517	2.449
342.7593	3.9057
340.9511	3.7505
347.7348	5.6675
325.4164	4.9046
318.912	4.686
320.419	4.5454
330.4629	4.4272
321.8547	3.2382
7.5289	2.1483
352.2392	1.9367
351.6379	2.8717
325.3778	3.4536
317.0034	3.4987
306.1613	2.6864
318.2199	4.1833
292.9241	3.2035
64.9419	4.2849
60.2875	4.0426
46.4221	3.7202
352.9199	2.5953
207.9112	1.1049
2.5088	1.7797
86.2785	3.4054
99.251	5.1525
63.4756	3.2514
79.2418	3.8246
89.7182	4.2653
98.4323	2.697
80.2633	2.1482
63.4699	0.4272
198.5082	0.4099
290.6328	1.8127
302.7115	2.7497
312.2982	1.4489
331.8422	1.6807
322.6979	2.8545
6.2221	3.8353
17.1129	3.2437
47.7613	5.5615
25.4255	4.2206
19.4645	5.5264
16.2803	5.716
59.4624	5.6089
67.0295	3.6771
91.4643	4.0333
87.0967	5.3615
87.0395	6.2284
81.2143	4.6538
57.06	3.1129
98.3936	0.9842
130.9485	2.6482
113.367	3.1165
106.5341	2.6093
126.0552	2.0488
113.7364	3.0543
129.6043	2.4305
67.1711	1.7098
5.828	1.0844
117.9958	0.8112
235.7631	0.319
326.5674	1.7533
333.2941	0.2657
64.5123	0.7962
278.3776	0.4482
314.941	2.5906
344.6096	0.8204
292.6459	1.8638
56.0996	1.016
93.6517	1.4199
55.032	0.631
86.8915	0.8108
145.2763	1.4029
213.5539	1.6564
211.2346	1.0855
199.6836	1.5099
167.5344	0.6116
353.1253	2.1588
345.8709	1.2509
10.5891	2.7488
328.0371	2.6962
342.0936	4.059
346.1482	3.2729
350.2831	5.9132
338.1281	4.3659
342.4552	5.6207
104.0081	4.0131
110.9169	3.301
83.3603	1.1271
359.569	2.1241
26.1581	1.94
58.2872	2.44
79.8835	2.2169
16.4266	1.6502
10.6672	1.467
34.8914	2.43
341.2039	2.296
6.9337	1.6181
262.3526	0.4321
248.198	3.6717
239.6538	3.7899
226.6123	2.3442
269.105	1.6929
286.2118	1.1789
97.0941	2.3421
163.9749	2.3393
148.705	2.0299
185.7717	1.7165
252.0535	1.7977
217.4621	2.6789
224.5674	3.6571
229.6113	2.6197
221.4287	1.7002
174.7933	1.901
56.4791	1.2639
61.6824	2.3817
80.6523	2.1424
121.3522	1.8193
184.4319	0.8547
205.5776	3.0147
207.7663	3.5817
262.9152	2.2763
286.4338	0.8413
63.6046	1.0711
83.5802	1.5064
27.364	2.252
50.9468	2.6682
80.4412	4.2917
77.2455	2.3398
150.958	5.0296
130.2784	3.1869
122.0984	2.9743
202.4683	0.8847
189.8993	4.0171
204.2592	4.2547
191.1303	4.3833
195.6807	4.9124
187.9089	3.5502
186.4215	3.8806
192.1545	3.7364
250.5093	1.6663
124.9355	1.3477
215.2356	1.0669
190.3466	1.779
215.748	0.6427
336.0242	1.7766
345.519	1.9167
5.9788	2.0238
4.6149	0.7989
282.1886	2.8792
291.2885	1.8078
333.4174	3.7083
40.4068	1.268
323.2613	2.3766
2.5794	2.23
283.2313	1.8162
179.9881	1.9557
92.5014	1.0947
182.5338	0.0866
293.3265	1.7847
248.4074	1.907
223.4223	2.2995
274.4323	1.2898
311.8523	1.4713
239.991	1.0785
284.2165	2.2012
263.2227	0.9418
322.2526	3.1629
257.3565	1.875
252.3904	2.6633
275.2757	1.4827
347.0375	0.3904
228.6162	1.023
271.7357	1.9165
287.9414	1.1075
341.3171	1.8272
141.0525	2.037
66.9267	2.5303
72.7039	2.4514
59.3396	3.6173
34.9524	2.0818
40.1646	1.7141
34.5262	2.2712
137.9379	6.5549
137.9364	4.4679
90.2822	1.5851
118.583	2.2581
135.0728	2.4093
184.8608	1.8634
312.8963	1.2113
145.0316	1.0558
156.0232	3.0663
173.2293	2.9622
179.1946	2.2552
198.4109	1.3835
196.3712	2.1962
187.7254	1.5895
181.4303	2.2182
192.2753	1.5011
196.1511	2.8142
220.9056	1.6155
141.0153	1.6278
268.0981	0.4599
277.4427	1.4921
16.4431	1.0406
61.4826	1.6936
341.4254	0.5292
262.1342	1.3948
217.6483	2.9069
250.7157	3.4274
245.3982	1.525
240.965	3.5666
259.5637	2.0793
247.2588	2.4256
231.3821	2.1116
217.8823	1.8741
9.9232	1.9496
8.1045	3.5256
358.0017	3.4039
3.0462	2.8689
1.3105	1.1446
186.8639	1.8094
188.6602	3.1415
173.1256	3.9789
172.9508	4.3487
172.2878	3.1044
173.7755	2.6913
188.7299	3.905
184.1239	3.0148
206.1347	4.1295
192.0478	4.0045
203.0704	5.3005
205.4477	3.5731
215.9884	3.1742
203.4522	2.0165
219.446	2.5098
193.5416	1.9495
91.4331	0.2873
103.8889	0.4682
152.7983	1.4876
197.1832	3.4162
257.5111	3.3544
314.8145	0.6915
87.4025	1.3769
174.0085	1.6475
312.4528	1.7376
193.1489	2.1296
186.5103	2.6119
205.6591	4.2356
219.0239	3.4976
235.6125	2.6539
199.9354	1.9407
193.4181	2.2114
259.2094	2.4553
268.2755	1.7802
250.852	2.0391
250.5059	2.4313
275.7727	3.4494
269.8669	3.2721
264.3866	4.5005
277.0188	2.9477
296.8232	2.3972
245.4956	2.3466
147.5523	2.3941
155.4537	3.4753
145.4681	2.6563
154.5185	2.8749
188.3224	2.8357
274.2019	2.4202
314.4438	2.8317
336.603	2.2597
70.3005	4.2602
105.6761	4.2451
68.9074	2.7566
89.7321	1.0323
94.1304	2.1038
155.0458	0.9744
303.4336	1.9062
269.2177	1.1178
289.8914	2.1196
202.0512	2.2685
148.4481	2.2831
91.7424	1.8028
123.2209	2.2312
168.5142	1.9184
207.6772	3.8115
219.4995	2.4841
159.6738	1.8654
170.9675	1.5339
196.3884	3.1092
213.7609	1.8896
255.9885	2.3366
241.9011	2.4806
242.5323	3.321
238.4565	3.8817
231.0383	3.5417
218.0643	2.5687
208.8618	2.7311
211.6817	1.7611
213.3341	1.4899
253.5759	0.8589
231.8855	0.831
255.8507	0.758
289.6151	1.5449
244.6846	2.5372
214.8504	2.3009
200.1033	1.0763
45.3951	1.0061
16.558	0.6389
9.8005	1.6732
226.8052	0.6731
214.9072	1.909
194.5721	2.802
210.0518	5.465
212.4329	5.6635
212.2025	6.5483
218.4301	4.2411
218.0186	3.9028
211.5951	3.2689
211.5976	4.1153
211.7204	3.4089
232.3399	2.9539
237.9341	1.6445
238.4399	2.8211
228.4274	2.3862
268.2983	1.8808
183.4454	0.612
174.76	0.8066
169.1882	1.1307
236.0523	2.6144
222.8397	1.6917
221.0026	2.4526
215.8634	2.0133
236.3745	1.4734
241.6428	1.0345
238.8587	1.5773
216.7425	2.0594
248.1394	2.6884
234.8786	2.3177
254.5534	2.8262
235.64	2.6778
263.137	2.9544
257.5425	1.6615
258.1797	1.6527
230.4195	2.5101
292.8828	2.6727
271.9832	0.9892
257.7493	1.1963
245.2227	0.8083
304.1447	2.253
17.4202	0.722
12.266	0.5642
272.7757	2.0412
318.052	2.9076
339.574	1.9868
355.597	4.1355
342.0536	2.0914
7.216	2.8931
30.1781	3.3298
44.5624	4.0287
43.21	2.8676
35.749	2.5168
40.4059	2.6686
34.0741	2.317
346.2321	1.7107
47.5888	3.6258
101.3537	3.691
131.9642	3.2844
144.1518	2.7324
200.0444	3.0461
199.4019	3.1656
212.957	1.7804
204.3513	1.482
170.35	0.7854
345.4263	0.4366
358.91	0.8592
3.024	2.1641
21.9308	1.8725
2.6963	1.7538
30.5474	1.7769
219.6425	3.3996
232.5912	3.3103
231.4626	3.4233
220.912	3.1513
206.3622	2.7425
201.5731	2.6683
183.678	1.7354
175.9294	2.3732
132.9467	3.7128
119.9736	2.5504
29.3641	0.7201
103.1471	2.0675
77.5664	2.5713
96.686	1.6199
39.8346	0.6627
62.1166	1.9158
343.6397	1.5506
32.7495	2.6909
57.1113	2.1481
60.7685	2.9059
65.8628	1.8411
110.2198	1.2425
183.0665	4.1938
173.6989	6.0851
157.0155	5.664
149.8808	5.0062
144.3238	4.9198
132.1816	4.1641
119.1274	2.7654
97.7015	2.7317
108.7555	2.591
142.3237	3.0482
263.8331	1.6168
112.9011	0.6683
87.3887	1.6378
120.4645	3.4012
193.5144	1.6248
144.9163	1.3602
70.7314	1.2974
82.6722	2.5562
34.5699	1.9495
29.8773	3.3295
29.6666	2.6525
26.2219	3.4291
23.8384	1.7969
29.1881	2.9887
49.9645	4.2704
43.0669	3.7581
34.3844	2.0688
25.0585	2.3726
103.1777	1.8611
157.4119	3.0399
157.2752	2.3197
143.7986	2.565
143.2894	2.0743
167.6226	2.7285
122.6629	2.3241
124.8209	1.8234
62.5362	0.8394
92.3875	2.509
0.4184	0.711
14.6757	1.3901
297.9019	0.3236
81.6578	0.5414
213.8875	1.6579
329.8126	1.998
0.4661	2.2221
58.7651	3.3065
30.0576	2.688
22.3345	2.8701
35.0083	2.0934
53.9947	2.4721
51.7107	0.9339
87.8135	2.1295
65.6705	1.7002
75.0548	3.0083
51.1167	2.6826
48.5439	1.8131
12.0566	1.4216
2.117	1.1372
281.2776	0.5944
337.5856	1.7842
346.3639	1.5193
70.4165	1.1957
127.5261	1.042
338.2291	1.2074
148.654	0.8564
167.682	1.1616
130.3153	0.7774
177.99	2.5307
153.6469	2.6478
142.6529	3.4607
131.148	2.9366
110.3966	2.6358
97.7289	1.9229
127.6024	3.6987
100.4195	2.0345
59.9816	2.7318
341.0057	0.8516
255.1379	0.263
252.1407	3.1034
288.3103	2.6264
352.0879	1.9655
12.709	2.5128
9.1057	2.8546
31.8292	3.3382
28.416	3.2521
40.62	4.3698
26.6211	3.899
29.6805	3.9424
25.7541	3.1244
4.0674	2.7774
357.9571	3.3967
114.3245	3.7772
89.2417	4.0263
113.1643	3.9667
125.4541	3.3949
159.3831	3.443
171.9831	3.6603
191.524	2.8515
39.9082	0.7001
115.9947	1.3177
81.0596	0.4228
44.7937	1.7061
53.138	2.581
90.0979	2.3873
88.7182	1.6045
152.7398	1.5972
112.1462	2.0599
109.1644	2.6014
114.631	3.0995
126.05	2.9489
108.8634	2.9834
111.7969	2.634
103.32	2.5445
120.7793	2.8331
119.9099	2.1882
43.7744	1.8878
72.7691	2.2073
64.3241	3.235
62.347	2.6636
76.7388	2.6031
142.0974	2.6935
144.2057	3.9517
56.9608	2.6017
80.029	2.0253
146.0776	2.4495
150.2068	3.9978
168.3889	2.6827
158.6002	1.4984
299.9577	1.1642
318.9503	1.4415
302.4412	1.903
231.7801	2.8893
167.5274	3.6472
158.0264	2.9951
116.6207	2.125
146.1973	1.5548
219.1051	1.9561
258.0188	1.1888
227.3829	2.5266
261.1308	2.1957
253.2999	2.0378
245.2502	2.6161
230.0559	3.1219
236.1489	2.8998
221.2435	2.8574
229.2171	3.198
225.0487	3.7079
229.7773	3.3765
233.5899	3.5992
225.731	4.4351
224.6366	4.4129
229.2638	4.1296
229.1199	4.1356
226.3769	4.4329
211.1676	3.7654
205.3696	2.789
202.402	2.3831
188.4167	1.9138
188.2207	2.7354
191.0584	1.6524
180.1928	1.7397
166.0443	0.6314
223.5068	2.1286
321.8635	1.6799
297.0403	1.292
301.6852	1.3959
287.2461	2.7754
308.27	2.5954
302.8708	2.6532
274.9973	2.8156
263.2437	3.9971
265.0334	3.4343
271.4366	2.9019
354.7179	1.5992
44.4931	1.7832
16.8214	2.5807
40.4037	2.2146
70.7191	2.2706
88.948	2.97
97.3367	3.3484
86.7179	3.1879
72.7047	3.9708
49.2903	3.0683
52.4539	2.9091
38.9822	2.616
16.9703	3.0216
357.4736	3.2063
352.673	2.8633
37.553	2.53
111.8893	2.279
164.0672	1.9669
156.6092	2.1218
81.3397	1.5339
64.7541	4.528
49.2344	4.2367
66.4704	4.5314
90.8486	4.3445
101.2542	4.2644
55.6209	3.0666
52.4559	2.7437
54.4288	1.8877
158.1084	1.0206
204.6313	2.1433
230.0637	2.4988
254.0222	2.2335
253.5833	2.9147
227.8045	3.5062
205.4761	3.4616
190.8719	3.5893
185.9753	3.8863
151.8221	2.935
143.7305	2.1794
136.6752	1.8702
156.6192	2.9483
127.7583	2.1069
131.5846	2.0099
135.4319	1.2961
147.3767	2.7927
78.9015	1.6076
330.0664	1.0487
291.1665	2.1395
294.4914	2.3231
269.7872	2.1575
274.918	1.6386
286.9622	1.8132
306.216	0.8918
318.5677	2.0309
330.64	1.8981
306.6924	1.4627
348.66	2.2793
320.6472	2.1258
313.6097	1.958
310.0083	1.6603
321.0343	1.7404
254.3944	2.8635
250.3265	2.5477
240.2209	2.764
212.851	2.718
183.7665	2.4037
165.5762	1.9097
149.7616	2.1321
154.1946	2.8353
148.8206	1.4738
155.25	1.5689
149.7681	1.208
162.8968	1.6018
149.9906	1.752
116.7042	1.0713
112.8667	1.0391
105.2285	1.0003
80.9524	1.1909
79.7928	1.3478
40.9662	1.6939
54.8036	1.8318
26.4463	1.7054
21.2013	1.6783
355.8534	1.5829
354.1698	1.1104
260.1029	1.0286
222.4896	1.1778
208.2307	1.7861
203.3312	2.5162
179.4481	2.6604
178.4569	3.4056
174.2943	4.283
173.3303	5.0529
168.5593	3.9099
178.1059	4.4899
179.4178	4.5322
168.528	4.6935
162.7489	4.2432
163.3852	3.938
146.6637	3.5057
141.2626	3.8916
136.4986	3.2373
137.4096	2.135
122.4421	2.0876
104.5914	1.5797
73.5508	1.6019
291.5404	0.3206
250.5258	1.9795
227.6018	1.5426
239.6543	2.115
234.2314	2.4524
230.4147	3.0188
225.782	3.5346
226.7788	3.5553
224.3116	3.5262
217.6916	3.2891
213.1883	3.0066
203.2494	2.2136
181.9538	1.8616
178.0986	2.2314
156.5883	2.0621
158.279	1.7927
153.0102	2.2252
144.9446	1.2535
109.6235	1.6074
95.7127	1.9134
66.535	1.5922
39.7465	1.5014
45.6479	0.6403
15.1964	1.255
287.2636	0.6862
174.3027	0.4528
134.095	0.6731
109.855	2.0162
43.6004	2.4792
34.9204	2.298
11.4141	1.7824
344.6643	2.0865
323.1589	2.1587
321.1481	2.4407
312.5023	2.288
320.5013	2.3449
306.2242	2.1259
310.8266	2.9704
303.3335	3.0856
311.658	5.0192
319.0524	4.9691
333.5088	3.905
12.3622	2.9837
13.4326	3.3401
13.66	3.4765
12.3843	3.2823
13.3048	2.2126
23.9726	2.6477
58.9864	2.7453
44.8288	2.5312
40.9469	1.4735
26.2331	1.8378
28.2794	2.3181
357.907	2.388
7.835	1.8286
327.8451	2.1395
266.4954	2.2722
237.9986	2.0781
207.5796	1.927
204.462	2.7333
194.6924	2.3775
200.4853	2.2695
201.369	2.2742
209.9439	2.4305
213.1683	1.5254
211.8391	1.3831
209.9753	1.3863
214.0761	2.4367
226.6183	2.5076
226.4663	2.9128
227.3582	2.9332
230.2954	3.819
231.3567	3.4349
228.7657	3.1965
222.0969	2.7328
230.8838	2.7103
229.1557	2.252
231.3135	2.0806
195.0114	0.6807
117.9798	0.5918
65.5218	0.322
262.8794	1.8072
258.8756	1.555
269.4988	2.1708
272.5282	2.3394
256.226	1.2131
190.4512	0.2646
138.3519	0.751
90.0385	0.5223
109.6748	0.1727
236.093	0.3797
235.8508	1.546
227.2608	1.4576
231.1944	2.1833
214.9357	1.8074
220.6082	2.1009
186.2511	1.5397
190.4967	1.183
103.5576	0.793
75.0769	1.4928
61.5829	1.612
75.6544	2.2135
81.6825	2.2767
88.9633	2.2469
75.4149	2.2454
56.1446	1.9183
34.1846	1.6368
349.4708	1.8482
334.3673	2.3857
295.266	2.0322
280.4715	1.4771
301.9445	1.7321
299.31	0.9706
287.2	1.022
234.5156	1.0349
210.3277	1.5511
194.7229	1.7461
194.9413	1.537
176.4316	1.2368
140.9833	0.8065
85.0254	1.4671
59.6544	1.7578
50.3987	2.3298
37.6918	2.4008
22.0922	2.6504
8.7033	2.1863
357.9757	1.3277
336.825	1.1992
266.6692	1.0504
239.6848	1.0252
217.6042	0.6932
226.8014	1.5165
227.9449	1.4929
209.8429	1.305
197.4386	0.9507
201.7299	1.4582
177.3214	0.6192
315.026	0.7706
309.9507	0.3529
345.4078	1.5079
324.0331	0.8913
212.3467	0.4723
169.0266	0.7796
135.0704	1.7354
92.5837	1.974
88.4794	1.5789
83.9025	1.8157
66.0737	2.131
57.5196	2.5315
51.9953	2.7679
50.1855	2.7205
51.1433	3.2955
47.1999	3.4727
31.3177	2.9284
21.2666	2.7117
31.7592	2.652
22.229	2.6203
21.577	2.5449
33.5574	2.6398
28.9543	2.6731
18.8419	2.4835
7.6353	2.1934
349.6918	1.0079
56.318	1.418
32.2326	2.096
23.1935	2.7166
21.4766	2.3878
21.6229	2.7226
23.1735	2.7085
9.2064	2.4348
6.715	2.0688
350.6529	2.0126
326.4646	2.0264
288.8416	1.1916
219.8198	0.6608
191.4075	1.0003
195.6139	1.5961
192.7874	1.8619
187.3012	2.0101
172.0089	2.8007
172.3947	3.2382
175.724	2.768
173.85	2.1808
163.416	1.8827
145.7793	1.8137
122.5559	1.816
73.3365	1.1464
48.3308	1.5096
30.0907	1.8457
20.1956	1.8029
26.675	1.7075
15.5127	1.9754
344.6674	1.3671
321.9893	1.43
245.9243	0.4826
228.5671	0.4308
212.9875	1.0352
197.7884	1.088
182.8144	1.4613
190.7954	1.9811
182.4588	2.0587
193.9682	2.5537
196.4604	2.1281
189.8643	2.066
183.6543	1.7987
149.4985	1.7122
94.633	1.2402
54.1885	2.1156
35.7263	2.324
47.6491	2.2771
57.0803	2.2282
53.6616	2.319
49.6433	2.5202
47.2074	2.665
45.5822	2.8099
45.0671	2.737
40.4816	2.7892
49.4791	2.7349
54.4361	3.2859
63.601	4.1432
64.9885	5.1736
82.7138	4.3636
149.2043	4.1621
150.7128	2.8659
61.91	2.5252
38.9822	4.077
64.8711	4.518
61.8692	4.6134
64.5279	4.6913
61.3013	4.4534
58.5971	4.9325
52.667	4.8404
48.1868	4.6306
53.3843	4.1549
68.609	3.7908
108.0305	3.0882
155.8729	3.2208
132.843	2.1257
116.2048	1.7088
90.0706	2.3006
53.1551	2.5834
40.6681	3.795
40.2823	4.4448
61.5834	4.7336
70.3113	4.638
80.2405	4.473
87.7297	4.4819
88.9148	3.9725
80.4817	3.2202
75.166	2.6001
84.8315	1.918
92.0404	1.7955
66.2541	2.1864
28.9386	2.4275
23.5898	2.6049
22.1004	2.8329
22.7014	3.0784
20.8086	2.9282
39.0984	2.322
72.6405	2.2033
91.6014	1.8133
134.9719	1.785
112.6564	1.1466
110.4571	1.9706
113.8682	2.2805
134.0128	2.1733
129.8097	2.2295
113.2493	2.9142
125.418	2.666
156.301	2.1718
227.834	1.6927
253.6316	2.1316
248.381	2.4314
243.5087	2.3477
226.3097	1.6755
183.5229	1.4343
77.8036	1.7138
71.9805	1.2575
14.2002	0.3026
260.3441	1.1726
220.6289	1.555
97.9793	0.7201
72.2554	1.7907
68.0859	2.1115
104.0842	2.3469
