81.2458976742797 1.06883446242602
111.163479012244 0.72182410786591
170.534998541676 1.12611731744742
209.725275593702 1.06740022520368
232.411524272977 0.688650797045754
239.801422515024 0.955598534644953
236.80926542346 0.954196556433684
241.695365061243 0.756678728068051
233.692603513272 0.708278299511303
227.133514968147 0.461095959906976
97.7173844728363 0.286593415244058
87.7671366985162 0.71371283643072
66.1607835713774 1.15100117315181
64.8496593882323 1.04529091887252
64.0980530338207 0.961685785263941
63.8804203679746 0.655136822763046
48.7120605000592 0.570026317248584
59.6825073799015 0.248691640408588
32.1960412024496 0.759984056915494
41.8335060476128 0.791604892153424
44.0824059104323 0.859769227985414
66.3202052217609 0.744228447739227
87.6051106183782 0.9162325806639
180.171942337792 1.05680044896434
196.450200439921 1.44489822415125
209.837285274464 1.24796628713041
213.091045097875 1.18742730566258
239.100954374564 1.1059123092078
254.877157604531 1.14646353241367
236.337421291204 0.968257132354092
207.047874263184 1.03694034247891
204.981630279184 0.803714660734377
216.602861762454 0.668552646844065
228.32524317978 0.774304492737767
241.522352405586 0.557053880884224
190.110249537586 1.12946422435337
126.676702848892 1.68309426766261
118.17051762243 1.64932106752176
98.9875895357157 1.76148523682483
74.7366819714413 1.68663354617051
61.4413151736302 1.4977669970764
63.1794186605369 1.04466893598498
54.0660586424272 1.14906503287789
153.311434197443 1.85007958488378
166.197457456607 1.87125999464486
190.638866613746 1.33071669621107
193.215012992421 1.60644047521138
204.333082545385 1.61736551784999
211.287189721784 1.71327237144058
207.16049605679 1.74005508241949
204.946042448472 1.66150144963728
202.725353606097 1.56363959705123
207.832785844184 1.5559601451716
212.38677902793 1.4974906106475
214.524631038729 1.69442163552311
223.330316581559 1.73906637847181
220.97059676057 1.788556302552
224.166636562343 1.63110323713916
226.362710806438 1.79184800655409
242.973399455023 1.74362080978879
246.063353519871 1.74731127562935
244.682168676984 1.55602756625114
251.210206709377 1.80844751178785
249.382262092796 1.70272039313149
255.581960332546 1.74011711305812
261.08193504644 1.57818778465274
277.625183013791 1.96244452491902
268.248592157459 2.00459923459789
261.120310294481 1.96719393873483
261.62898760026 1.72433013009215
257.292794183112 1.96455563353443
255.923422068793 1.94535721724072
260.212725114045 1.86135970009778
262.078157068176 1.8396042680293
267.44660132857 2.0450920955236
270.422162801501 2.19713484093287
273.057865205749 2.12699462332244
273.848620985031 2.09772551641402
260.987781318299 2.1784595685366
251.172919741878 1.82687889109378
259.64718741625 2.1004328262518
265.051190828426 2.64855254481216
260.464846921815 2.744865037462
248.301037033123 2.10658539477278
252.37132750982 1.94145336582635
235.01786233388 2.27679806933568
241.197939187527 2.80394293365218
219.848474108012 2.68180192153738
230.533243055115 2.28513509781154
224.845179988385 2.51354695611249
206.241861497633 2.31532834663928
196.295446556366 2.71971630926324
198.912871436837 2.42133543858132
210.355897450747 2.13788811446204
202.681404514358 2.14731422138761
193.608411106002 1.87604292947821
187.568532639744 1.88283505023998
212.426446228674 1.09115305452753
212.30925008708 1.28704364757514
290.504694516601 0.885826972672071
19.2920526236605 0.999258417792298
37.0162247270277 0.74924099819346
59.902545948477 0.895417996331559
46.5166615968829 0.422771188620432
43.3864157054587 0.838549539159272
74.6324825210297 1.28433894287412
99.018613688082 0.90385180082217
84.8033882748864 0.877956582322015
74.576221848587 1.25321357076359
84.3974361436399 1.58456495177187
96.6520997344456 1.57707823105048
113.01143585728 1.63985263423249
173.013682632734 1.16912968807714
202.819247297398 1.44509319213504
236.477020476676 1.28613748562627
264.806183794633 1.44685317070526
311.952587119325 0.902038680327327
69.5942187178754 0.777556038486429
74.1378470503884 1.20442951749273
148.248611244793 1.04534703303695
223.08692522708 1.6775525968857
236.440296236335 1.34382451097104
233.364649393527 1.69350808744314
231.014537546494 1.68594717110884
229.889661262524 1.69724999351944
223.504237910011 1.80939733368777
225.36070292938 1.70407640421978
227.0142069532 1.69497851868111
221.727924432322 1.56437030605865
219.106145201058 1.35014429621328
212.069170119982 1.55436666021468
222.937918878786 1.58604687412824
229.260247977154 1.56694181335693
230.689438269537 1.56168471237079
230.331172236975 1.96991913291333
225.244196031053 2.30594704831872
232.582818526226 2.69943842495727
236.148277047946 2.72038236787374
229.937431542611 3.36072152710584
225.484381293915 3.33441471530914
225.69293271574 3.16679755338692
224.084152936715 3.2503799574215
227.129169885468 2.5893215598652
232.313986268445 2.27310460927872
245.479688478247 1.96838754925958
236.503228255695 2.16294805197824
257.158482881879 1.81519879019267
282.400068138603 1.59138712892235
302.0208191306 1.67736288880481
7.12255241558421 0.818931333582622
34.8224339650303 1.65255116460532
57.7985256269859 1.66895661439316
78.2860167099378 1.50252229082746
117.311912228639 1.32313360980975
124.413626855485 1.56959497905633
136.221173231377 1.62458834533084
135.670570359868 1.57415981019249
149.636847843398 1.73224241697062
164.878219864971 1.39958881065163
165.082868479192 1.41097891203603
166.312129349354 1.50644833836288
167.878735608191 1.46185631116842
179.413564235545 1.54279487840175
199.126228539966 1.66612347109457
204.888611022541 1.6170307799525
215.585839779372 1.49024559452426
212.896029399332 1.65607654367405
224.147911673627 1.68519321350905
227.539207289185 1.73010208621851
229.784739744662 1.67945798153534
220.449416489638 1.86472066195902
221.397006328291 1.78870042620799
217.622184277526 1.73432658663601
215.524922786084 1.8521591855323
211.79080434865 1.69010955915524
206.953264076392 1.6496937874057
180.09943332464 1.58463346330597
161.157681830561 1.79134297234745
140.248618333316 1.21840235046635
121.815433374501 1.41647983464865
125.291245378557 1.78544232667451
180.249124421527 1.02012794993535
114.263893452082 0.760551451783162
318.321603615007 1.11849664901254
10.3245367938965 1.812659417034
38.9862355767106 1.19050701770701
45.9708511857903 1.66149915097177
65.5165832957721 1.52653588857584
86.8373007218038 1.31331712201515
161.150492317725 0.611653353961495
191.594407770073 1.51903582969166
233.253326664514 1.57448445580958
227.789866019855 1.35798477994578
208.40295695529 1.19416589887317
202.295344204817 1.66441078510011
209.278658457103 1.10762478397442
358.961478734823 0.860821089672915
16.3606012449703 1.12041677373274
25.3560609264139 1.71552713037751
41.7189187001019 1.78179931251994
65.5975609534278 1.47118668737687
79.9792996070171 1.31323095460565
99.6295379433914 1.42579498893786
142.541347168963 1.14420801854996
204.337860452091 1.07311189414513
227.184777116671 1.17818533992989
254.25962345026 1.85582367092624
235.631728503442 1.23847984019499
168.563799162491 1.28250323310003
148.485419418096 0.652542878441052
121.799823835565 1.39764800277837
166.43885230296 1.64694997643801
192.920917506776 1.67628209212223
204.997922863424 1.73006838955368
201.19643439141 1.75166090646933
202.084992522374 1.49621833412974
225.592081889125 0.925202213134902
324.558729624583 0.549751553292568
24.0036797330333 1.57756830388074
35.259189797547 1.76351956916528
37.341368780031 1.66968851427565
46.0648482756448 1.79959797551338
54.290440722219 1.61079812262067
72.4940166371894 1.27691032525157
108.892406407846 1.14325498247087
78.5179538897995 0.63980347168491
53.2670841058834 1.65540780852848
56.6634106035491 1.80159046542765
155.491947408974 1.3134106462994
192.783671554163 2.09864980275734
206.130876125567 1.8145148973673
216.591792572499 1.70748604386897
226.080144835756 1.56195072661827
229.165599802937 0.961561501790498
218.427399045796 1.35597153328392
302.744190554034 0.799840363466815
348.553174442541 0.658264927580369
49.7692431246162 1.04618670181512
68.7332798630341 1.7297632048298
84.5890773603759 1.51971795667221
134.500853147357 1.35821965850119
165.849996549333 1.05227309576303
171.339584585652 1.85247071338247
171.405425352097 1.81298025221632
192.917755024934 1.56547524060635
218.053473954425 0.755070475664858
241.209132849244 1.87783356984593
289.206578972333 1.70009008657632
298.407960242606 1.61182934728709
340.825723163777 0.919914066821059
348.560949086522 1.7869109278486
3.1521089578394 1.67421566261221
17.5759457378543 1.22375626452228
37.2763731050676 0.939916949158744
27.212499115652 1.71297649754838
21.4747442550968 1.40421318510563
34.8324393995491 0.623366035363671
179.251799419598 0.563863284302542
230.051378507729 1.94634761123347
224.961033462635 2.04212710626421
224.590052393988 1.69956191325345
228.725841714613 1.90488986933889
271.850611737626 2.00386517863601
284.186469064693 1.67508599232706
307.749339295826 0.769550129053728
59.1765430248531 0.5210970612251
81.0822958767191 1.87823031898854
105.486820874325 1.74637980283879
144.874195048951 1.50350579935306
176.574260010135 1.10341813347684
208.601233627061 2.04436837113632
241.465792405732 1.91760753976573
258.452501732895 1.61819906657924
239.45158723529 1.30739978686674
258.341074022532 1.89829593265728
259.063196885823 1.88987414564967
285.340236544351 2.13907768588688
292.28231172327 3.0467501218876
257.364962349236 2.45154169029055
212.765818661414 2.53900104744862
199.018020398726 2.53322381106818
186.19522539988 3.52015841114658
183.231027360402 2.16830949481234
210.302880232031 2.07947320947733
284.260688321242 1.90237149878289
205.812359494061 3.60581930870044
243.948434833045 1.67023488378069
254.249578242979 1.5684889135423
259.342369807943 1.31549077242777
249.628477862526 1.49794132330818
299.371872427411 1.70833782921682
297.859001880304 1.18369268124511
328.666944342044 0.529162444408292
16.1715686106187 0.180757434847942
36.2270058818187 1.85202014373281
25.2928054082887 1.66726185551418
73.3214820047392 1.18195589883959
78.158069347911 1.85174488163432
86.1898331089523 1.92002718015337
104.481123918932 1.8511298754178
94.0456840032091 1.30107483936862
99.9498400187234 1.91958303374029
101.12890024043 1.95915576780643
116.634273785596 1.79177851039125
85.8145285323639 1.20814098483513
101.494919215019 0.819573809997331
70.0892271026906 1.86369260455891
69.2408094594896 1.77525973318819
80.860781435255 1.07722160936208
89.9823309019197 1.52326993251537
96.325531372342 1.79460701507483
88.7081202339171 1.70826757613837
100.163087565197 0.664820094717759
104.988717760511 0.919539125321819
97.0869042720836 1.85006643315974
71.6226025229702 1.58248563254576
89.5830059948515 0.596675764494139
97.2887205974691 1.22450527425301
87.6304936346443 1.70296877190218
79.0189572196031 1.37183039507956
79.0512490189603 1.41180989148988
77.5062538844716 2.2367466413481
84.9852749649124 2.02254890409282
95.8819490198478 1.92274596027823
103.467839453674 2.04426528779134
111.009932908268 2.41829303646531
109.070110638889 1.26128694823233
84.8917440449354 1.343409987889
97.4885728399656 0.344241058851478
64.5992703347171 1.24756645017759
98.9674422480496 1.68502740694864
103.107545677323 1.51880669779602
106.588519424736 1.69318576393946
113.576089219428 1.88980514259277
119.450549908636 1.53639615320416
137.902602784996 1.34257388376898
140.934727123372 0.767242020000106
165.592544097427 1.18542821375599
137.037435941452 1.02727411196973
260.590658764544 1.76958841136899
274.001769017184 0.881576029557304
265.660795770123 1.95089398322133
284.382601410662 2.3157962940775
286.642962098179 2.43717434206857
291.294913367638 1.94901060882829
272.131013625497 2.76953618971104
214.157017029133 1.887152246996
202.691857110986 1.73239965696641
176.676797338254 0.763065106920046
192.659484317756 2.08524838844192
204.865728283287 1.81383436431981
229.602632290964 1.6278317692366
258.91251163765 0.59815518284602
266.804398793299 0.894723377622438
29.3283044619279 2.04443937118078
29.6545970200913 2.53836156329108
38.6095670140348 3.39289700714517
52.5006724284733 4.54460310068274
73.1960933580974 4.05354478936529
91.8020692635851 3.33916367040526
109.78423024584 2.63221728892835
138.502876519712 2.28754182563483
148.158445942548 1.86856452452943
246.995118684853 1.30103632097041
264.115252875359 1.11749488660512
300.035338619519 2.34487624761792
297.946509687117 2.89184542160071
269.248004607312 2.11656363919525
177.85070371767 2.54458936933838
231.298771563992 2.37331762897589
193.28709874404 2.19374476256154
210.988370265156 2.00311774244334
218.458022411803 1.3882573534417
182.80123369352 3.28528435966723
237.933350486961 2.21025125164466
226.70393488 2.18616438715305
238.565666520136 1.77913315096371
218.731132983477 2.80609803854007
270.652929166527 2.28023469560317
254.812290797638 1.83472269492334
309.618566095818 1.52977290182698
308.153950828783 3.32584796394561
256.418972205212 2.11873776242885
244.597707935012 1.65740787527624
207.351038692661 1.83203814096955
189.806275605141 2.90462741576007
175.910483103422 2.25991827690757
93.2486693711382 2.28711092339279
96.6675329018358 2.18952867307426
163.869208477593 1.38088812364905
31.9621067813022 0.557190526123224
213.775493165988 2.14427589216779
227.510672970315 2.97604759121033
219.866312678729 4.22202313168766
212.299302472848 3.01204772874224
223.410697117905 2.00259718150002
205.705388212739 3.02864609624416
136.174622739672 3.32372338488831
106.792960278843 2.58387703621558
145.442459035293 1.62759715118636
242.990013565169 1.43711789355656
229.963072478614 3.1649026409676
214.720293751516 2.13882926335274
257.146582683504 2.37780343027452
230.690379762427 2.56427800505958
207.832616012165 4.12048057371746
226.432220737597 2.84589937516552
73.5305717679452 3.30586089178581
100.494656592531 3.34308094829469
130.423606107788 2.86361444020975
176.90598954916 0.52676663392052
261.256056341438 2.47103652321316
72.4343805371454 2.36572296481639
81.1059625866043 2.54772345258402
90.9051199730563 2.72474740966521
106.193401808809 1.93920472308461
142.437313555607 1.64988502431195
159.633167059356 2.62367109198334
198.914445818255 2.01751509186926
181.103625373571 1.86017042737971
225.380132269665 1.2745994177494
199.683672241117 2.72600935141567
280.146836273823 1.85699249661279
296.153386427179 1.95523181540289
294.130384894718 0.417411077493794
176.93945419102 0.674581722983272
293.380460643764 2.26530419546775
283.250168510744 2.38248932766575
272.630646801118 2.61109165039096
207.248400980266 2.59446886105421
190.982585181122 1.97411987195795
193.337454186732 1.80110584478459
228.696116244267 0.540466129295283
209.279513780383 1.07054696787296
355.989375727053 1.90095845581547
329.755774715555 1.7681483283421
305.564033571936 0.508433579440541
208.772194724442 2.02405835774647
273.502918696174 2.15158313318108
295.568708684981 2.91790281309535
294.226878196198 2.89074548132651
203.740627790627 3.19597133846992
143.446337873365 3.65605927742139
161.610190872777 2.53440071393115
187.860897814725 2.18447896261753
217.616601639781 3.30131629947018
258.146617464484 2.29790418641695
255.002490574253 2.37772327009085
250.463619795922 2.03686131680512
258.645288562344 2.74916360596268
276.76616162813 3.61978570341952
260.693980375916 3.56693637275138
236.650142828845 2.71670286218593
162.42999018047 2.10496167627499
86.5103754567656 0.378244806305279
284.319427916796 2.16184474138753
279.365671711799 1.48536338018724
246.11459756471 2.99366786873654
316.6830441831 2.69277091379333
274.178719301874 1.89788571066433
189.434596221731 4.20043673347663
183.550723515006 4.91256729078546
180.804207183381 2.44758801761901
228.968158617349 2.2243641584625
245.639829481312 1.81925755734448
228.982595383656 2.64189783205128
307.995875714862 2.01425193713566
317.128980983136 0.827783300894739
266.11494478379 0.470507237305588
208.309137417116 1.39416496662646
302.14502147703 2.45725067516372
251.153511768964 2.20800033009514
254.041943145759 2.42691648869713
225.713063208727 3.95095552925893
292.848592200296 2.57208204969366
327.219450755584 2.50802357718808
357.119886508127 2.73833009873471
22.1814123255492 4.03862655278594
168.814263737734 0.8666352242157
215.726634250632 1.92390572356576
193.116039613155 1.51807449371766
249.622915720389 2.18124662498812
202.707509727309 2.11932396470355
116.904719205978 1.7393472947207
66.4778857408958 1.51609249327775
37.908522665745 4.22883121845975
40.7105939907296 4.00645375652551
39.2106205410873 4.10062708430111
45.5068635721093 3.56495388047637
213.094282783787 1.23478564434623
238.146371640267 3.62593016794289
245.78787641326 3.48780278757643
239.237687429867 3.97156305935882
222.04149984428 3.06501200633479
293.318944647014 2.32849481958475
358.334681082244 1.63159386792212
11.8423828560507 0.950622691684718
331.572786395201 0.60592183424852
12.2597578500453 1.47337261260009
330.650561547404 1.94685488283234
322.823494368872 0.74825439702951
243.598579956273 1.68091202498854
145.813000547103 2.15413076000378
161.840093266581 2.06041192470563
204.294258509318 2.06326993413776
200.336322338016 3.65206059003419
241.36125035059 2.2995266166211
232.992999411695 2.71857394797874
238.415804790915 3.64013928093094
231.612446420957 3.8695828971521
198.296787968605 2.55295189563757
195.266137637876 2.04049311774883
178.519854552868 1.69614040751105
174.145327729489 2.28842637282639
55.8454256670393 1.98180072347862
35.8348225657023 1.76048895676752
75.4510397549319 0.658436798616983
215.76312920451 1.31331973695256
249.948117976709 1.3208231169463
38.319122268297 1.87431025076243
34.1789655849467 0.997957301506951
43.4881917865281 0.818609363359138
73.7684230300647 1.73111654597298
98.2720192163688 2.48585524581056
114.808400845612 3.0816972456391
138.921348229603 3.42887751869858
123.910245673441 2.84814108259479
123.68119951135 1.75484972138789
132.862854308112 2.04885707486393
149.9665134764 1.76881731572586
176.474388521379 1.78826036582688
87.6559381433815 1.11989489674417
337.166936625216 0.61030011109891
8.73794258577857 1.07614856650763
36.1113990429666 2.55031072584761
1.2126567341013 2.08015599877801
9.980480839432 2.3279210789216
19.0772331804769 2.65902087663438
36.80099219863 2.03252767908307
44.9560590378518 2.01752371698628
61.5135041136874 2.57783759276357
64.0545256276783 3.30484929218008
76.7810728348637 2.55638190835605
103.50926854152 2.09467390955368
96.1851915144527 1.98739863138575
111.66917752892 1.5695030299171
73.5593221929779 1.50846600524331
43.1283046934411 1.40840969846152
57.9675180470109 1.19018710616507
50.5583927115645 1.25903537309773
78.3900662888568 1.85879283242962
74.5297683717132 1.92681108724953
81.8204882609639 2.41950314246132
78.9512490246925 2.54273009107896
57.8839001363102 1.63306555318533
61.9414394699843 1.6592988381555
117.020975596759 0.680414873418932
78.4631143616227 1.01838701295104
231.972932927983 1.75727115845507
293.468825276252 1.11262829981667
183.570561956078 0.622659767532758
51.6830939450309 1.2180497809069
353.316175369087 1.69986587375348
283.435611311705 0.890308847545746
50.7950053664144 0.252304714718672
96.5143249915395 1.23077391618439
96.0253596865665 1.66011862061247
291.763679024329 2.26474742904691
272.975521931881 1.42218251195543
242.79385209922 2.45000676485289
155.151472371602 2.59058721658841
163.166919125574 2.29176318025359
208.123270836644 2.31131220987494
194.38471052292 4.52114224295654
123.431388757503 2.54048449240167
131.240729256144 1.6957035288637
127.41859363524 0.983373948874601
133.989951014967 1.71282026985512
306.271437100254 1.49716327997133
264.297997727159 2.26982724881928
304.239868539176 2.08475734124226
74.2806898650781 1.63804699833034
314.464496773397 1.07163843548719
112.526099632464 2.18943458655781
126.736099939555 2.94448216576826
115.012511857099 3.15189794197999
125.752809854038 2.59119857146665
92.8101095660961 2.83885420826808
113.927520751911 2.00462991530626
151.695607632393 3.02730212697624
170.003153510333 1.87993892520638
231.995774528085 2.09041819976133
219.275063472686 1.59588346051619
199.296394781644 2.86528300880875
178.232100219215 2.16452617789249
123.327365889452 2.25351808604487
114.649421346893 1.76153054779314
132.194263053542 1.69147559707121
315.394997488216 1.73331618860256
288.306544477296 2.86633562346966
235.520719813088 2.42451918014868
176.989732437963 4.1762631679987
133.500465644422 3.65626590556338
170.241841626114 2.06095640339827
182.277610159097 2.79947440744116
146.70938419856 4.3455264205314
87.5423276157729 2.80536415910833
32.8286928851023 1.92487583179547
14.1541917564937 1.76020313038183
10.3273308704314 0.894303760897075
151.637806392577 1.34826184478239
163.080678652002 1.83229240785658
210.45094242927 2.51099269275431
121.49118896671 2.97555371051969
97.4352480344783 3.22324178862531
100.687884300818 2.40136366940741
101.980712663964 3.80037660129075
93.9534154430177 3.9251935553397
81.2781065491162 3.01675500367174
99.8125381407189 2.05712147901193
95.5273280157452 2.8309052849423
104.39936426968 2.45320377228977
90.0783204637445 1.15625083070968
77.436348671172 0.899683324068854
39.0621415233308 0.697416537679886
64.5610307444274 2.08694452430433
8.98497119910411 1.8481321384689
93.3071515090822 2.13613971110627
73.112429690883 2.77694907445826
38.5786950383585 3.29585601787014
46.0161158436298 2.45638909677702
25.8013266574067 2.21407412712628
19.5233189227218 3.08032418989354
348.896539419697 4.15954532535809
31.6190014143461 1.30526011456715
9.17060413626518 2.53282908536768
358.147880551344 2.82952363593522
329.284485873262 3.77841301549293
4.21180219563337 2.26326621812843
337.891825411912 2.22752211126541
352.002789217472 1.42814653514853
326.220825677034 2.6840613197396
13.4842776137405 2.4169540900797
0.0278539126669557 2.14416054875622
18.8452483333749 2.20591258911949
355.465606661175 1.93493624198011
34.2262018613334 2.41829264688321
8.88195056822713 1.66061372084779
114.954366228789 0.457318070899587
172.83884850564 1.56494512745794
160.954222632525 1.76774037198309
117.538003750528 1.82506214077767
113.286080732794 0.985374767766119
146.893820119817 0.567019412127657
143.765861402355 0.546765666872179
194.16838114578 2.83709233518694
241.204669979024 0.703714747847427
150.897179998386 1.45849108225472
65.1868331788053 1.57862091617653
51.369189692057 2.02816222157854
30.6773248457363 1.27434663621363
119.607038731568 1.46583395911971
34.3265788742636 1.56134699770921
349.484264492097 1.78249246807771
15.7877823409586 1.40080899694728
20.3366869720218 3.37245931318268
4.47126851727472 2.52134141754909
338.069905512175 3.1856783040723
327.026174662432 1.71106317018554
13.9107341244254 0.579236979658656
37.389270238913 2.43917337360267
31.0587493216424 1.96713432172689
42.1049988537083 1.89762231329193
19.1967520903395 2.33167685926994
37.103027298698 2.14686030240374
356.366841580668 2.07155173828394
329.85966678352 1.14091190429285
285.748440318374 1.18604468378033
25.6512929248324 1.63382584966011
304.876188776655 2.18089244828258
313.425600126838 1.00317483667595
267.655879699854 0.439665402429831
159.484331331897 0.262680645694109
276.45743464169 1.99737273315856
204.076283937956 1.63357257787047
183.10625825893 2.76076891501873
150.013797089495 2.34634566905103
149.058817034221 2.38486761922295
75.5328528393325 2.79861091600334
80.9242868110145 2.84663832941698
78.6418127267685 1.70047390972124
30.408594755817 1.99088786819307
71.6494099104144 1.72075346966243
82.8074099699527 1.96516834894231
59.9030213072082 1.59821512120972
55.5358470127882 1.24396240111706
32.3581315180605 0.247589432870034
29.2817863462558 1.38402215748401
356.797954954517 2.05966912398928
319.743578589848 2.00808583719249
288.18065143004 0.698776577404943
295.152296520501 1.50991877512514
131.68720091073 0.723077409618673
304.939022784741 0.683409239264739
66.0320538399499 0.870390939827898
96.7405939081585 0.830577235696763
129.331260806175 1.93229057034225
112.890818247484 1.20409099290874
127.074404932568 0.5584936411582
339.680251072117 0.509676705558533
343.23756819639 1.50128560549773
338.077575765103 1.73248839771056
335.291988891423 1.5575336189584
321.49977882738 2.15118378780305
326.673099267517 2.06313468142827
318.112323927193 2.27550041789719
319.060842785073 1.87007150834249
355.914830481521 2.07630870744281
2.40467613796619 2.64607737419731
13.6382390313358 1.84958489856984
40.2978073086499 1.63595111381738
3.18706144014675 2.3190600783356
48.5863100310624 2.08116030019859
9.77382242753424 2.34934490262782
20.5768272411926 2.0189583206617
359.752405407836 2.34283234611795
11.7357331311989 2.25601774561578
26.966441451534 2.04661081155562
23.1763352296427 2.16809178329757
7.80269319556805 2.04531928118569
2.99629601063316 1.74103893626861
1.24832258422344 1.9530357476305
282.221097408526 0.44560334449438
195.75394223914 0.827255815658555
339.719954349911 0.728853275672259
322.374433698981 1.61306031059647
342.452843599727 1.48853208496773
294.164921346092 2.22935862683643
255.332432741788 0.324730841878357
172.972610009623 1.86839370737888
138.810238231153 2.29705250720988
108.063925646356 2.07250305354801
313.301778678464 0.719149866251218
132.672230329123 2.02565485162175
99.2822467622069 1.81054950860867
66.0256183930922 3.07410526972552
306.296032299107 1.81917023060886
223.992200696717 1.74726231746792
27.9706241003958 0.442899518049949
358.946892862687 2.62573818177108
354.474242252756 1.64767385603819
7.00823951470966 1.07051744798721
31.4696722949688 0.903599239351158
52.6191103271706 2.31072648514909
48.7197865859774 1.70373803518877
46.731823288375 1.48404468536952
119.461836076396 0.468704613601818
90.1881886798376 1.86838839947453
41.4205102514982 1.95343591130039
334.986814535677 1.45253155619538
54.6679307582094 0.44909373146485
51.7013416335255 1.79306397683885
37.8930706946821 2.05682314849629
16.1706856632086 1.82996728139407
40.3180862457565 0.685422273648118
26.1960665979143 1.6360628897818
41.1291956588092 1.97951863449214
2.4190658927065 0.868287765602018
48.0114630696914 0.676317931513396
34.5942501710801 1.7166301660844
37.61959671703 2.07885784684873
315.416417313607 1.7585857251576
300.725046251902 0.434317420424336
255.494125215175 0.70207430423726
303.580582952515 0.491388032526323
254.612263304639 2.10591254874403
228.955029619981 0.592529297927169
45.4351575753155 1.01194411401924
33.9643682474448 1.72606309529228
72.5216941343685 2.17616830550934
56.2024716848921 1.94205734759588
65.5157473483588 2.98203153613545
66.5887882768296 2.70569950782482
71.5373460375284 1.95021470761757
72.3278415509641 3.0490667099273
66.5646114553041 3.15213837703778
53.3443417179363 1.99305861963943
81.1332514373022 1.42633255944151
32.2549588684382 1.95571650488838
56.2435345354128 2.13067919512258
66.8753046060594 1.77502596265024
60.939130715324 1.82630283463616
51.4677935388246 1.59956213501495
45.5343408485078 1.62221179798443
44.3284875906427 1.16081125160297
46.3276036258258 1.5749814560297
48.4469246159027 0.682440864529698
15.5120847557598 0.510449152199837
154.554497842625 0.932168837560827
169.808143543119 1.61929469816589
199.90434701681 0.990196737484958
249.790291790977 1.01682240206415
347.516164138991 0.796357350960545
276.804868842693 1.8381582566097
278.316030359989 1.74687074207535
259.736300749169 2.34221711039444
286.295755701372 1.7813140830957
290.126915206499 1.89679680968764
266.421503797341 1.55096665601807
200.270996313897 2.05911809424391
192.091618166644 1.0299844941033
99.072947008257 1.79561296600793
28.215835984151 2.43175165177002
339.27487185762 4.12051616400712
339.276303054865 3.05145149527846
318.48040305043 1.90165670356824
205.051726419045 2.6401291485283
188.836087410779 2.90786232086016
156.894280895851 1.98859117903138
170.694143300064 1.85138648248203
155.667190732072 1.70936928473179
163.578364187573 1.03215167324112
72.5446175600996 1.25999077935972
7.32029375905267 1.8370099686838
20.8189652711305 2.42627733516443
317.741761720839 4.01250789577079
165.025220811827 1.36490171481356
189.523116229908 1.92554471118507
195.216171425279 2.98624280829362
182.011287570298 1.6391762318029
155.881370871231 1.8912001793044
119.325120202898 1.65122293234465
125.564329066993 1.34110114178868
110.285651241714 1.52898236875501
92.784369307921 1.7020472607488
35.3664989025024 1.88626558012957
22.9845424861799 1.1368247654395
336.439249142804 0.989902149622748
31.5491919956731 2.21184235099765
338.551711085247 1.9233389447652
346.91329132042 1.00033702891814
323.579059890622 1.71225006286134
19.2839951760626 2.28899044170771
355.379602643347 2.14223741705134
348.200037729573 1.61142278112459
318.126983108831 2.79507410376337
322.000918628404 1.95889996214762
188.203765752281 2.3432970936476
195.942667498582 2.30808508672951
194.744553811172 2.70288142901348
305.504713736494 0.250282941582708
346.661165820673 1.71873285662465
341.369837279527 1.39557799818462
323.423903734547 2.32757142837353
58.2932262151045 1.02600551446227
106.814511279149 1.39937774312948
205.363754765325 3.98889698820539
206.460504843527 3.91089370424155
198.976913540298 2.7127936115791
121.274442033537 4.05777224641236
126.059842411792 4.5679387221942
125.347837382966 3.12885274425217
110.84236737044 2.51433336000413
126.39521274296 2.68024259928905
111.907311598281 2.56743594215248
94.1575498665033 2.81524866841194
92.8745433834391 1.5850999875976
117.063817673793 1.3138058744891
171.143333143398 1.05225643595589
120.801430233591 1.96547524299483
89.9295265545411 3.34531022534099
82.9588317238307 2.18933506325932
99.3538340342314 1.95099516502978
133.20607467267 2.34188484657522
127.291937931664 1.36598637942791
238.474553538184 1.62638568646802
50.4914787193629 2.5295199302326
86.7741947191778 1.55079904986474
54.9869708839844 1.74384798830757
342.444003672778 1.61213618284153
34.7712755340009 0.861131403598967
63.759260477608 0.64665731406317
353.030694682605 1.68091312789122
296.962186151175 1.94047449961687
297.853325783311 1.69930410242601
155.405317382739 1.08582549262486
15.857286991614 1.368609214848
346.393525444373 1.30133711109446
50.9343193867882 1.92961295923127
43.2199938875459 3.04955192067316
37.5768250169085 2.47749777943303
40.3983427375544 3.01322479300138
46.9513794305166 3.03962666843628
52.8555128120183 2.53079487899181
34.8542351886485 1.83224866918541
13.3065701623799 1.75385197790077
21.4995063291044 1.17674527980287
343.611066986324 1.54871656220177
67.7989669397339 1.14916257965637
93.0628032637604 1.19356109967395
149.814998986014 0.577410329481717
112.49201152918 1.15224827631784
63.0038604237177 1.48704421450962
27.3204096167165 1.92156422279498
4.0262956235922 2.34335440577405
345.424696205303 3.07767426337811
355.491270839829 2.70976888633861
294.071837943923 1.61415552334796
335.475853562886 0.897446431379114
209.891347980305 1.29199882637321
183.008896287976 2.9423334251788
209.840983147169 2.34870453928092
208.187695056022 2.52412559520798
194.530887489056 3.34719341825944
247.281511180331 1.96776841568423
235.551300801608 1.81989842623871
238.212772622007 1.59751176875057
175.431670883455 1.55791491688937
263.183240743196 0.959529477008672
72.8781871704381 1.69157391415605
63.3200439651865 0.945758514744683
155.204053328182 0.795731618987881
231.322779340372 1.90212208881215
214.530296864578 2.07144246439985
189.734322102776 2.06982350715142
117.035178598514 2.0197663529735
59.6519024480102 1.82520389478017
54.5503206666392 1.42582988436457
63.0019102113358 0.746248048192791
96.6265875123753 1.06985119718289
289.686493727367 1.49590205172561
33.8469750959067 1.80131330436679
74.1582687629523 2.31335875001117
86.756476741734 2.86700140335775
64.5747205268067 2.70934072277828
61.5260384410539 3.14701699251418
69.2157965864967 1.89904780438561
115.550631744308 2.02396447883449
89.2267324770057 1.80723242937073
93.9671847366888 1.87666752036935
68.0500367875952 1.36337395383444
75.4719596891449 1.74095675487317
67.9937773438953 1.89203241767659
52.4311495630401 1.77029973787092
33.8584509406254 0.640582261565976
40.4384111944707 0.610322120718831
6.17777829151566 1.77172859833201
303.103195103442 1.88082242492012
280.026571974438 1.04946867553249
276.851105900763 1.75324200951247
234.552392693869 1.15167649552607
146.39980389645 0.845942273885864
115.678595334101 3.6022572394288
130.551222981187 1.56665189985868
166.202571961729 1.19258306720629
55.8361352073386 1.71236667219581
24.7716347830149 2.19886834030204
40.5581418989145 1.51545941002895
39.4364371889743 1.86832321794863
26.7118762337016 1.76046539539023
26.1594773190468 1.38681831033023
39.4549997473262 0.975725829756477
21.4126988427909 1.83918256746886
327.361835008805 1.54933070340693
316.105227726298 0.446715246828249
255.092246907652 0.81107358491192
335.482605211647 1.75521989614301
300.029144016984 1.8049702655073
282.095426281519 1.11443469120808
281.724934895223 1.86883872061284
326.770894077685 1.4987119715134
310.81451214302 1.55450863780568
304.647722613242 0.111419557093399
96.8663030920428 1.42901731438896
54.9764336420977 2.03196658398677
56.2509478751578 1.86291448797853
38.6810491909617 1.91847896789646
56.206377013577 2.18104043293015
52.2426263932267 2.03436157169343
28.620357971394 2.3118187152608
31.1039924384162 2.89077097800065
40.5038965137522 3.64414041034956
47.5773476825369 2.98426724636101
65.3630288793241 3.56745744543087
77.338401516127 4.84223239736702
91.0215085981008 4.59942708990352
95.9312476726226 3.57788941912342
105.939190631698 3.16967731168275
103.941218403355 3.59684451301751
119.445222352086 3.37361888839965
122.682503316851 1.89591646255128
113.739211668424 1.57085514502875
93.1456232955379 1.10819689289381
106.463276886707 1.73866355387713
337.954266960007 0.907681383100354
247.702113802195 1.51660544432023
226.066353719529 0.663552980838531
179.066869505176 1.78465697821542
242.836785811528 1.97852977361898
230.756548426857 2.06483201573943
226.593871967367 2.03120980116094
197.601815105624 3.30319771329833
216.173758552839 1.99719363711248
235.225569611613 1.96274073507923
250.049225500218 1.87337779422902
217.372847749634 3.68586385539063
258.249025798851 2.16663551302568
236.704724989805 1.61801642915434
201.772520786827 0.462392732889473
112.601106805463 1.67691341981622
63.1130596797759 2.61145123119245
54.9046813048556 2.99990812635293
66.8031620599462 3.05434068942202
86.4145882084455 2.54292503879675
134.202572288581 1.62229790076796
149.865652054305 1.52591466473908
174.673142441949 1.02339902155594
133.780831948317 1.88132405585212
74.5223767782852 1.82347399902189
71.9319825473986 1.43163472179295
80.5912445718795 1.2751670796524
102.156491498157 2.17977583050481
87.6456219049469 1.91908882669143
82.4035697633518 1.33738079738475
126.645987388627 0.475543038980503
154.459596763702 1.52169336978109
201.064824450268 2.28791070836766
193.834825802607 2.34638266343908
196.576434730109 2.45554159047856
187.176028434171 2.63795603029418
180.267016093768 2.26284552734671
171.161805387348 2.09934952355454
112.357469031172 2.76086605042762
112.762077161537 2.85328790030707
139.745731138719 1.54710231512258
120.879621823131 1.79720016780667
94.5766443671517 2.51795463220207
95.3083580095805 2.81189367749918
114.962596000413 1.60749036814126
100.459520447688 1.7002689103251
89.878596188091 1.94191311598295
107.900842298061 2.66218947024398
163.326494935739 1.92314197586741
141.734712890481 1.69589432606306
140.772432045039 1.92329548490015
161.020109939461 2.28282256110746
214.639465836083 2.09908555490636
228.70593391277 2.09503526113592
233.274993173255 2.35474458558055
235.78584321939 2.19749848949599
217.691135507066 3.29196464579254
214.866145835274 2.45386255745003
217.978328186434 1.86120288491554
216.066552741721 1.28764766841427
340.065279733665 1.68517665916692
334.232683538881 1.38372166780168
291.884315332364 1.08122675619128
277.652563150829 1.35671095598408
281.508323882984 1.99144853102759
274.961559254567 1.71491345011044
228.447560124637 2.07748627745349
250.148801828161 2.60960583633589
302.890664144452 2.05143097620823
327.670452308163 1.745688738359
342.07145409425 1.81925413586494
333.461565255362 1.59151591995692
318.427201596534 1.73360863443225
349.704483067451 1.59739377809132
332.396974580014 1.82161212564678
310.645755152417 2.01623803130224
19.0743499751644 1.49376646880722
37.7732038865108 0.855412653527358
79.0417889866325 0.413526692391159
41.8227072880672 0.396509414480709
156.526803384523 1.22341932998148
174.714319366191 1.06336768155503
259.059691013043 0.22919232084091
266.248993476874 0.884270607882601
309.522483098177 1.713658765889
297.832202277677 1.5950962289468
299.964455120471 1.69994973083536
266.969732785957 2.54658718757549
250.834619436892 2.15803577329988
271.626688542714 1.91046542159184
215.154024839034 2.14431870044883
244.171636062749 2.31217518771701
250.600600331625 3.07604736958758
227.405953829225 2.72575552358984
207.844199874044 2.96772817240414
199.105256060788 4.3347706707475
166.61636323392 2.68965521972777
142.426895424687 2.10281750622153
143.513428010414 2.26477410981522
132.102478001889 3.11170293873434
138.763227733736 1.41017542079277
184.325477379478 1.07283661723516
212.118302157924 1.02558897270734
188.848226785516 1.61224697177314
216.426203161555 1.85361107947821
214.84069146412 1.69535065458714
235.539184441057 1.31165532151052
236.019522219501 1.98741449436478
263.066255441067 1.98319265315346
267.667012477098 1.7065310604012
284.671026234813 1.03625510022474
11.474019593223 0.560232068167142
349.216467414532 1.82881745541078
4.49769166270687 1.53128343051451
16.4238543069952 1.7674951897336
28.7760720586855 2.34151133113226
39.4485873452343 1.70934057870135
11.5575267415057 1.99902748321402
352.822255489872 1.97970485963275
345.778053975168 2.72028615115407
346.056423709098 2.19728840249081
354.444790955817 1.12315200735648
333.761094933779 0.936441444412895
315.709047030553 0.708143177367333
297.272070639625 1.16837223457796
358.666355832394 0.760877280267704
298.36574406008 0.537549829641014
291.191924894634 0.52561860492922
328.908060246561 1.95345569953149
316.901867997207 1.6445154389705
325.212293206118 1.38556380074184
319.278306375685 1.07641474234927
284.943637633857 1.7890073252253
280.183073595751 1.55666167123307
287.409470575017 1.67436644849359
193.859749923238 1.81188648281014
194.037727367925 1.31945319010751
246.33969884103 1.37256883832992
207.802053779199 1.09091942098758
188.15666971749 1.31131178183947
356.646739929699 1.33293352374399
300.229291300921 0.946630664737281
224.089627475133 1.93980704758292
166.810042998713 3.24181369151494
203.550557251447 2.62547847780456
226.987403387236 1.88214455029004
268.668249855417 1.32265204844715
274.830099482906 2.14295348131408
269.438517629968 2.78819151911347
267.797840656623 2.54300830793628
231.337932473234 2.63023890537221
219.238258177227 3.50335792955789
228.981595244324 3.37355605739614
221.344737115045 3.90226563547782
185.932813068844 3.5468466387927
180.531281906259 3.4776524983265
171.438625090959 2.89697564325578
170.863187361046 2.85789954797225
173.942646410021 2.78914304987438
184.464260868012 2.46873326005954
110.945818845105 1.49050486616786
131.835844264687 1.43651557001542
138.595302433502 1.17356847216248
132.595377202082 0.9330071849396
97.204219647653 1.64752001223781
108.868656486174 1.41584383291426
112.721382964248 1.29693020708161
119.050414208742 1.1240564886075
62.3806741193923 0.869805766585615
16.9681474969871 0.818634007945578
2.25112463313076 1.64105578109204
349.624015354079 2.31158533419046
0.328083830580624 1.8377861971152
356.819974875186 1.51181003514131
345.682132436353 1.28819735432063
321.337544035552 1.14834499943315
314.317669949566 1.81073147713288
301.139175520209 1.60446255775098
232.71062121579 1.57438297700479
225.775412867392 2.20271765117714
248.392018009657 1.4970252879795
202.147070701033 2.07905679965925
202.975669015952 2.3177457433102
179.594218451707 1.1586557441268
133.381074500859 2.04309471335409
143.770676796966 1.63232349450867
175.128727670785 1.81603891935174
172.353953776915 1.76709927715167
158.282881474297 1.23782842547843
285.826427307897 0.639901304124046
307.692127605826 2.08505032147832
322.327918023082 2.6838703363642
306.047565869639 3.20779164390632
297.248248970559 2.66848740832065
293.555539804353 1.69761658877812
259.790553405123 0.837914743357136
196.125173077379 2.00120606699142
212.537974672724 1.97506349951246
251.285964177216 1.4810801244997
214.907301119322 1.02391715603361
160.157695546217 1.77643737224402
172.93422210593 2.20599159011245
175.740163910369 2.16971763425688
180.014482596776 2.54439399142459
172.682103426842 1.86407391702815
176.838316743464 0.641563664732352
3.64864945885023 1.26121989341295
22.353763795082 1.68903139395896
51.5444145272945 1.68906918416683
84.8969931584617 1.35503299503334
119.184463893941 1.51598441290037
168.304922936084 1.27112710928458
238.420372192211 2.15460099146444
225.283234988861 1.86201717027183
230.875400920582 2.38996136736425
216.374292901694 3.5703689772671
229.347267131508 2.93732698647639
238.082054565162 3.00667718451578
250.723873887325 2.5822350069803
247.300063341408 2.03304671452421
268.375160438445 1.32514517628295
62.0088784714642 0.32281367731799
123.598010870933 0.995834964594719
173.683498962588 1.1776217732825
222.380068563271 1.49755733344578
230.118559295047 1.99029066959097
244.263063775002 2.21332862432558
261.264155761102 2.02632730274627
242.675130426089 2.16970380316027
233.206211349311 2.33765087895293
185.263484114892 3.31424188695234
168.17693404571 3.35015420143067
143.865285926746 3.45140409638251
182.422861425504 1.96888388904956
230.520193513037 2.12505939624282
232.937766805625 1.96780992317296
235.984488292735 2.43356322643498
234.778711423389 2.81631508090825
248.29880402458 2.55242944275349
258.540936268788 2.13964777932313
259.189597161188 2.35989112990707
238.855600743716 1.89355487858064
252.453595551425 1.83163174685734
197.024830129577 2.29052509568228
194.014207734337 2.69453238160313
202.597547003738 3.37977365317805
199.818183915762 2.37888328788077
181.546656697063 2.75589423209501
219.0457320046 1.70508681926865
250.116008473683 1.33218824293723
243.242431726623 1.26142849436393
251.318068391437 2.21607771081491
263.281814485883 1.15853832770839
191.703147946327 1.68480906052159
243.766547112938 1.78934061802267
277.373631355189 1.38643234594907
172.995970341193 3.55230749506305
184.296496107132 3.72078109158556
167.838802796212 2.62727313887444
130.39772676734 3.46340362384494
137.065828129768 2.34486346147049
173.815741689232 1.88331466199516
210.299364769002 1.86963657207512
220.788297516782 1.67742423805083
213.610599252765 1.97275840687668
199.297739260796 2.0139891370781
217.312264207394 2.0006916023273
227.592754574751 2.14094553209704
239.636605850514 2.40569061569089
242.696783288855 2.21598993808168
221.166281199201 2.05746540104418
191.383603055835 2.0228648821732
218.348513986113 2.169582010735
223.781078222025 2.40621979900431
229.992533360642 2.32843918464963
214.165981450571 1.74115374826817
197.601416631403 1.48130100815099
263.929451346513 0.962780412081228
74.1592469449142 1.3595769577146
159.673038542652 1.49138562506568
217.605016846757 1.76469441160236
239.405885480336 1.93362522536885
269.694642763462 1.92088929817877
330.190940575726 1.57241891104292
113.349872947689 2.48070136120437
128.174234281137 2.56131990363354
69.6715845108781 0.662353393899945
349.96366952145 2.06134357760718
350.352028114493 2.3320554315979
159.326730781737 2.78159558657955
144.499509151906 1.87789935874723
174.75920186459 0.848708285496732
298.76819011601 1.73345273647272
302.149662941411 2.09903630584938
153.731519636244 3.64222823912851
166.575675664797 2.7315654260393
163.61074580926 2.27365047658299
171.825872012873 1.66993972267035
336.271845734785 1.58491587704864
16.2657114225973 1.83535915857397
88.249001704501 2.67698828366403
129.250828575174 1.490946343332
152.187331260971 1.03178625149279
194.603584955573 0.332627219560442
254.429766961831 1.06253046572983
228.714532966359 1.15799819745751
204.432399860406 1.15173226271409
174.441479255932 1.34194504293337
230.679165677205 1.88382605521936
245.280928781802 1.44199557388463
179.963848040239 1.31809383296982
141.88596887562 1.68282121467211
122.376655684393 1.45664216729207
128.495205208884 1.32119929979005
129.158523925748 1.3474243905839
153.978788504202 1.36005177298475
154.990145207011 1.61711520511225
178.473572960097 1.73172731309841
202.389307462103 1.85746526812862
211.466710678967 1.49299771799352
126.845060226844 1.00253959029453
88.0378880977909 1.56400706549969
89.5452566402693 1.17861989843553
51.931644903062 0.922196591324102
54.3425954527271 1.4510514525953
110.573035632554 1.46185389904813
165.044111737941 1.68334388153299
168.081509713252 1.66285079745473
154.408916115993 1.81837156313213
154.301202881887 1.93175853509863
154.667521443787 1.99720159623234
169.796966439342 1.89943052636724
181.343013974415 1.86124788990202
186.517991902331 1.73549630452401
193.943707907436 1.93671407905868
149.066977370531 1.85137097331779
119.818647992854 2.83490211957319
124.246840216682 2.99839236393209
140.405138791413 2.43130793011085
141.617878583236 1.97180858687608
109.523618729786 1.69935243523187
99.0769323014688 1.09303594170388
79.8638046469586 0.743099016248556
44.0923562238881 1.53393643050197
56.6032416983559 1.67993816255727
71.0297278464323 1.40511973058091
91.7760940884656 1.23437629551528
125.289604577326 0.861592759413847
186.392148711081 0.878184857201583
261.814128037455 0.484688069567627
256.742973401089 0.72016470137765
313.822639766388 0.57412772557497
10.8269443101502 1.10473778647647
35.4969092061559 1.02973355587524
38.5771478077438 1.3815592886621
65.1376177778372 1.32590746214424
63.3814162283052 1.32962408458133
64.8093428860345 0.999303041621158
47.3930396131275 1.02134761030093
201.346985124662 0.364669177680847
223.698167971081 0.892957884216739
197.862718720383 0.781695026592102
189.663169935877 1.16236141762527
158.036731712465 1.2235038920803
139.148202503409 1.50645767996769
166.381824882687 1.6178119265807
184.708535469897 1.42976158642875
209.605757652301 1.24744880901109
236.242277444985 1.42623993385388
241.173786311042 1.41552980462097
241.843401383614 1.15040518984564
230.092302961678 1.09152890290739
233.80413381617 1.15031366274998
231.022176920835 1.27625244002706
240.858511659232 1.33276959018428
239.72996521637 1.22878454911377
242.629256453612 1.25411003768962
249.510798864046 1.16103660558417
244.533280504973 1.30964913240499
243.313994100742 1.24224265630109
239.483191878697 1.41898581090595
236.049244040819 1.51658534704105
235.043918411035 1.78405009529343
231.442924601895 1.91699036525978
228.075300591153 2.01876992272449
225.90369430873 2.00548371071005
221.806268663969 1.97917397239958
222.265336540207 1.91717894898447
219.791082302105 1.8695812078278
220.228862382429 1.87743312792485
213.306659735426 1.77341083691441
206.840213726626 1.69578741765074
209.166775093111 1.43357075238597
217.45278179062 1.35331688218433
221.458371104796 1.66910593008988
227.713505975202 1.7822664242413
228.507374059896 1.94617887174073
225.124761971348 1.94562825463273
221.460070349205 2.01113010113213
227.533252925232 2.00759815570453
227.063583897202 2.03867073524157
220.411355239525 2.28672698012826
204.904926170773 2.43755377307697
197.604282043124 2.41176240303326
206.333467722092 1.97680054543531
210.802303150012 2.15226226877478
218.386822460139 2.43375489750858
215.076245597789 2.48466051777707
195.098605653282 2.59643696524542
190.178001378292 2.35963953551554
194.335585752052 2.34518521549852
193.872353277647 2.57390692710888
197.97247002896 2.71012270299497
201.646155790587 2.70337105984742
205.524572023821 2.76505475010287
205.831411185303 2.70106250709
209.766577705538 2.47922639297681
202.04768326647 2.28552597820153
201.809577643738 2.05915243905947
208.122774993327 2.05299602720807
215.378682049072 2.13937593155516
233.288796216168 2.30596332429464
243.102391236223 2.62755123835728
243.27501729482 2.55207947394751
215.923992499496 2.28174919871153
182.237945906117 1.92644832261916
177.19097403681 1.99457949898452
217.757577686697 2.22244373131249
197.831814740833 2.78239863041236
190.434692656994 2.52556431215398
203.173630840792 2.00669716829441
235.914588460428 2.24706531830041
237.188479891273 3.29976097288995
218.540823602734 3.53262217847144
205.665775181579 3.8799016392332
186.013782447573 4.24534886545084
183.336619370457 3.91698165983134
177.39016720007 3.68749567356868
176.332737006187 2.96439448980687
210.322888337011 2.04901975379331
234.015836694847 2.28791613677625
180.892365189433 2.97691021600071
178.633091705199 2.49020036618407
171.439285098689 2.01117284753611
118.787851106817 1.74697621929437
152.970056884033 1.78022570294539
227.598276442217 1.14185824910386
279.428720405019 1.70775116326488
287.817551679793 1.85387187395369
316.985584823793 1.84042639741607
279.677809688425 1.65471355218908
223.700907888719 1.49580175803228
219.532652445388 2.05223215561475
222.780448421199 2.22481203033027
232.714327297494 2.1359660408101
246.892147246025 1.81216533643394
270.674264553868 1.66604378053031
324.702184915873 1.32250738070525
30.6471680789327 0.879932886085453
107.716988714803 1.36090379682883
125.865423548582 1.278842169873
160.313322153631 1.33773874532619
199.717894108244 1.48876540136934
257.357550751222 1.41863223701327
260.852258822639 1.58474230324769
278.360141697745 1.66721093560519
