134.101486505022 2.17256999697812
139.454079132754 1.82633293186237
137.973489912479 1.73024790163001
155.563668011106 1.39698825451653
177.933399031207 1.38437541240102
192.055718183813 1.11067924384839
199.312523979871 1.26778293342747
241.107113522534 1.29467247615448
320.108794558967 1.41658596997569
13.0126011614096 1.1012786644876
49.8079463784927 1.74808301464895
66.0969814328259 2.04711430745366
83.3862615642837 1.50335660419414
122.141122857099 0.99727169783318
183.08404532503 0.853914811482746
200.510935197185 0.998197848751883
191.05959946365 1.02038837840433
192.499716498285 1.11465400435015
188.383976281471 1.42628245138681
189.599528782755 1.12956498593424
177.809648199403 1.07466661537267
199.073183131137 1.14059863368752
207.755213866445 1.47762169306433
224.097102997387 1.4169687762411
236.780248517012 1.09982854490703
239.851523198618 1.14028530213817
243.168568927748 1.15222330720834
237.592919590554 1.1689242848533
231.385918713873 1.22175937069389
230.331641575696 0.902162775156464
233.008822085045 1.38987339987892
239.43203927686 1.50195103303455
240.097904461739 1.48330541097986
236.547608833744 1.27448377391545
229.243520214179 1.36262465659565
229.714492247286 1.39340883185791
228.701294997395 1.16356157094666
241.16915265848 0.937239270978683
258.418919118801 1.14718058001182
253.012448462036 1.25220272290347
262.507073382329 1.25420683277489
257.173821226396 0.783951643010305
255.428063486925 1.4106524570958
268.448677779391 1.28694935880716
277.263162857551 1.33532711352962
321.988734418232 0.707541686814816
334.660233257447 0.964403995811046
34.6737936012779 0.900282332826764
83.6737505438872 0.758876398044538
195.788870375123 0.271054790977418
247.202109791494 1.07233727340351
256.527763188024 1.48233421371447
272.099984907862 1.41784632729392
278.929100190157 0.87485933149749
278.395805345671 1.36217585421043
302.889875998394 1.22292431407566
297.52827770821 1.03708394552872
313.928710515881 0.359255482959718
11.196715314015 0.77682387008388
33.8258215127492 0.604413930075248
16.5287565189626 1.16487394842472
17.5807890340517 0.93535016287788
15.9933963023451 1.32285164089324
3.91397837070497 1.28078673029466
329.603156461906 1.21547187652724
156.668941115015 0.881470435072526
49.2926946035509 1.00110711527212
13.7169096473013 1.1105966357599
121.58639813885 0.795896989737178
196.353474982285 0.590436250767275
216.600202558398 1.60608476603162
315.559470973154 0.993927237117336
346.657126022964 1.29826442296239
9.30911484344108 1.05753877512656
24.4119357953267 1.62566040599842
22.3062139893601 1.63305263699697
28.4136323643804 1.34558113977473
61.5259280377778 0.534719337709648
52.7556057941994 1.21056025225065
72.5836141788621 0.863142923511338
66.1253530316586 0.938883622573642
72.6516599495784 1.08951182838294
74.7477638762472 1.03402229675584
99.9400174772128 0.950131554216963
148.727900253102 1.14981166558778
153.325415522338 1.07941408884715
156.034013840554 1.19140385706303
159.520326278696 1.28081224992585
162.277441993919 1.23333306782614
165.23869111229 1.45778639095872
179.85434119354 1.57028413177063
185.317824297576 1.47548209245358
164.532880951528 1.76567149563372
208.130701183033 0.934860680978613
217.37059064121 1.50060516166996
233.771581567206 1.33675560543289
263.687312497491 1.13110549717793
272.08110062835 0.508528179068028
259.71086337309 0.599367863574686
272.980862627288 0.841376932076311
305.280545956264 1.02670216553697
332.403935903947 1.22076260217418
342.774094767006 1.42009276538182
358.349704314261 1.48549478825352
355.460072243198 1.65043513683242
4.56744209534446 1.25924531883525
3.10093270826235 1.90045271651849
9.35649763549139 2.09156991248512
5.32900657324961 1.87822310709065
352.902119716453 1.05212958880475
221.62639783931 1.72861119635427
298.51056760636 1.21706232137125
349.782550288069 1.85533250526815
343.064732730458 1.04519702235273
314.234609564074 1.66908470679659
254.750625381031 1.88810742887464
268.861617468201 1.868347858499
264.210449785574 1.76362448657956
260.016243817745 1.7396774588919
264.973398315638 1.7366568153164
264.091913446053 1.7394278600283
246.710503048755 1.869680159263
248.283647296074 1.69001002968967
248.311574952797 1.55091701483841
243.451999988021 1.06881278661858
199.509624584634 0.110435576005662
104.444764095991 1.53056899582744
116.315664459741 1.36585198516953
166.584137597707 1.36842062946963
198.541038708251 0.533409724590098
114.256483128181 0.943761993089676
42.2258177627356 0.314737358298148
50.0827778196539 1.23229931074161
69.5913686466538 0.919868654079557
61.8968022927232 1.55967204555509
67.8764303860655 1.46329861130097
64.0816427798508 1.36191919041862
93.2979886727996 0.954093693630485
116.135749366357 1.45784940153611
150.266289881894 1.53053948605343
171.421521879922 1.54657563165908
170.618415548662 0.882709452401509
173.127601952111 1.71840024932035
193.774539579226 1.80606365843616
202.957320913169 1.76744897303718
205.033526866635 1.87564466511529
190.649806739991 1.8446708569094
196.558426573181 1.69002769957671
205.228842080129 1.59810627199619
214.462815381246 1.59618372686726
213.160858859207 1.46022898857939
214.94687472281 1.20533974150986
166.210201030325 1.06329549746735
124.044926987191 1.05063575164182
70.166977566667 1.03407548926888
279.863738640326 1.66504789633434
283.816068958206 1.07421175086202
252.064191832307 1.33226069065447
191.096051617128 1.31047041109482
227.581373371012 1.40187549640851
226.677285994956 1.36695764984684
193.339686585587 1.60539252933143
91.348520026392 1.02548525828175
43.9246309491414 1.04536278185395
45.5799784116042 1.32831668180236
62.4754915218174 1.36749693349096
68.2229441195562 1.91894219439737
90.2805970007005 1.57869997939885
106.925331649504 1.38500303524379
136.225399080397 0.885895489821133
173.375862662416 1.5468898406853
249.001210026511 1.53777193927611
251.132561966948 1.85270054360189
255.020246583654 2.13281713279056
257.087815175393 2.00117138778745
229.462938074499 1.41498365529781
222.95149700232 1.32930832072878
209.100976337911 1.50930582775992
331.870913780497 1.36704917732285
355.56793853039 1.14796353582833
28.2737676154344 1.38726712497864
37.1942121920846 1.76595000628529
65.2000921324612 1.91777199657796
71.4688475541357 1.83788979417888
78.1574639470085 1.69180270377049
87.3283671744209 1.72065941148708
108.514254188538 1.40466309450472
131.381698054367 1.20713545210611
142.35047301315 1.02716099854847
189.583596401503 1.09092919588825
236.574302813018 1.5532933869632
262.516479893941 1.88721403501874
263.257496110213 1.83155593736025
259.095897424124 2.13512591768866
258.271006786572 2.62114215479197
250.33957243563 2.02993026265184
245.160598792644 1.6263418148143
204.630095550263 1.87204939297583
21.2073216046228 0.938840032968022
33.2143722167234 0.359991677315452
45.6308258076057 0.859423219573097
56.1743842317717 0.566821295522909
63.5778069359008 1.36899358434567
64.9857914023936 1.38194638779969
71.1614785825069 1.09146385076825
242.779309146595 0.386442771152993
282.542026453622 1.95551728577655
283.587324124727 1.92783264252693
284.217215821127 1.350598746647
177.398276939604 1.3272071833134
134.482698478705 1.69060567916116
225.974065422895 2.14111391459933
258.646367180273 2.15346640130937
261.030580194223 2.5263031308289
256.668473461654 2.59136796188333
255.727808248503 2.11051930282608
261.726374872115 1.78564384127526
261.122752234884 1.78762996606222
259.046840886535 1.82474059610864
252.254932823233 1.57483287413712
268.586682408395 1.80974744172936
293.374301395195 0.797613076200643
329.72492233932 1.97129180304588
320.78354440817 1.72484583500089
276.235099818277 1.69703592889123
184.801478775689 2.29067909209944
181.909675448269 2.20686637345983
171.622348256568 1.91741867962332
168.537835470042 1.71008858064739
200.326652082124 0.750906957221858
238.083824726389 1.16686321979403
214.045659799446 1.21932491900307
246.718468609066 1.0823867224202
215.095569691015 0.912119527767804
278.123466772381 2.20231844626547
284.224106634342 2.23722079112238
292.397434039162 2.07348705597434
293.882151710857 2.09381340943743
299.921627263715 2.18078094487509
295.5322933169 2.03278564530973
291.750873752936 2.02318875622744
281.831461698635 2.33668230385868
232.529548646925 1.74463392890266
180.848205472838 1.72287262381923
85.2890195557864 1.74765845165048
141.208394331582 1.3798242672418
152.423221339551 1.73350442973248
235.13187453369 1.50146765306238
330.38927270508 1.95423869294685
349.237213145092 2.90975823224299
343.586578784872 0.586847555879004
177.36357829123 2.37240268996506
185.931095382194 1.93098738368874
217.609117923507 1.45105418254823
343.12412444329 2.26660068671531
357.431176849115 2.83955564592799
33.5935863651838 1.72380373501851
171.322320975506 2.81375372073044
192.541815297849 1.71251892638285
185.819033174466 1.62100458735896
152.035707299627 0.882861884462356
130.700474168474 1.48539539287442
122.608893687746 1.59747032948885
127.979187600879 1.48372520349829
119.261838714207 1.19447763888331
136.0931349349 1.33401556643804
116.386285170256 1.62798403229207
166.803723054495 1.70272051638849
151.423505873577 1.45087260775674
179.617699776076 1.26139700093107
225.767943960406 1.84808541286985
254.723518744732 1.67300271327564
297.338373825353 1.62658978604043
345.105620243613 2.07137464985694
2.1127114990702 2.23429710795186
34.1978879739947 1.95447973777589
53.6369265553039 2.0860072321101
83.062316306388 2.17845043111433
120.806870748601 1.65601626295447
166.007676686912 1.77231006072731
166.762066120936 1.44628196571981
174.416567932841 2.08522666029604
186.227649407973 2.23752533228034
191.777462933487 1.96335038372495
207.194040408616 1.29364814578668
242.615099015051 0.800829901266937
17.0645403967958 1.85018440920759
48.4704668265608 1.81836025360241
74.304164442357 1.47875467164574
95.8124806538124 1.77468636955832
107.920346135858 1.74354107632053
138.523746003874 1.63794428071917
181.330872514493 1.09809768376792
176.361810746744 0.491222614714738
337.039071053302 1.68563344197759
4.37633844835892 2.10930451885378
24.2615059584909 1.85611884257309
52.4220801822866 2.88201430581215
87.6933362264685 2.26441210845149
126.554599821777 2.08801824046718
141.785659966491 2.12933287076956
147.852584551019 3.02074128770326
127.075357755343 2.08246634552258
137.433600425247 1.70338765321725
137.195809610092 1.3270702131256
153.704192587245 1.79294842651451
178.222365436835 1.50744557870677
208.555695656173 1.61320477900796
224.529652732541 0.864068409526
220.340436669951 1.06399431422742
282.602898148407 1.89402006507449
293.082188829056 1.8431954903113
331.964218063417 1.07627778857207
8.24395698525586 1.77637880855832
48.8233594066819 2.03666184845985
87.414215302217 1.79794269609854
119.111349914432 1.47825079219115
129.613239025546 2.42777417079005
127.67290928394 2.12467616815899
119.452200810943 1.95839605906379
107.0575595958 2.25605402474475
123.144366514147 1.30745771176406
164.919170471578 1.81385760628475
198.741820987515 1.89443904017189
190.963182986433 0.806573142883276
193.107768883219 2.18698933367464
203.509841653909 2.01973484537203
218.124761858219 1.9561501825058
228.215112575016 1.17742873451478
205.113469934119 1.3885271384904
268.627095301159 2.11972880420524
285.992646052409 1.61903144245453
328.925745887485 0.935194804298907
353.483958209152 2.09619279002256
21.0984989039843 2.32826058911295
34.7945671860561 1.99154203761182
55.8679258561922 1.61754507788247
75.9701593546306 1.95840156728445
85.529499870972 1.97298334773042
89.4784520600723 1.87856921811725
74.9250338418766 1.75713630418043
74.5083310129639 1.62398684566297
91.9812349314167 2.07525129155722
104.97013589533 1.47537277838494
137.93930904498 0.453492250065494
140.726838231781 1.25742281982088
103.336051042854 2.06804592788049
108.15365476841 1.92367832656935
112.326568918403 1.16454292466098
131.56065309883 1.7893887777897
101.101400531868 2.05623309067663
102.679822205621 2.00297751744754
105.743618795061 2.00993648357044
124.206102243627 2.55009948561062
127.808665085016 2.16537731407734
113.532757050804 2.17551426205644
112.459589134695 2.70065690260078
135.617680549293 2.563399898349
98.8908057195017 1.9544361087416
93.1941401598579 1.83140325783306
98.9415861933623 1.41724011187179
99.0073089169645 1.41280384614835
68.2152154811394 1.97599566943107
67.3524970488236 1.95120183825084
93.7661459964991 1.17205425911126
117.177483408844 2.29777677317018
113.433227358284 1.76490613598707
121.132160002661 1.67126768360958
112.61571982343 0.998763865441822
164.964632459242 1.50328146385254
275.87713246091 0.482920171598874
278.986860903607 1.79243370362649
299.879074598708 0.693740866742812
260.820802467015 1.63076837796271
353.488052649227 2.26470321528245
301.349020117686 2.06640810180415
296.646708381537 1.0987293989529
267.338631132362 2.58036255746972
311.972703012104 2.22914790689764
320.448921858425 2.31546991414141
330.099854329978 1.97381787796839
330.929957354384 3.08656378796332
11.7259313662955 2.35947368319885
13.8320039582849 2.08502397233485
25.1516691587047 1.99376024703011
26.199243241298 1.9890199279961
43.2936141366354 2.17373798579786
46.8729788255283 2.02679485933607
68.0907793104242 0.647195252699386
133.149430884192 0.857384736037951
348.344892016758 1.28283564947988
281.01381808819 2.14407416983762
283.490643234546 1.35938141117399
240.902345734026 3.01401506808523
275.918988751629 2.37936490549399
257.595127625705 2.17603188693569
228.271054864674 1.56683833855002
113.716064195956 1.8283137946557
48.0280969956859 1.94202128610154
352.870438712315 1.90304412237951
305.758271312471 2.3133375221618
285.558589912284 4.4768604513049
290.501924070381 3.60933961404452
235.946550273252 2.30343456909298
156.422665475404 4.11960657658069
161.463921923034 4.01953534687324
177.661004261886 2.23506782323323
194.052023667381 1.95852752166914
205.969458804147 1.40785146402771
184.928081801889 2.60230952148222
217.0261461457 1.59335978047982
172.731718962426 0.677698243240378
102.923705649982 0.745540507999117
179.501899911932 1.62250882114042
97.5790530472458 2.19346110008573
349.455624806775 0.40993205865972
75.3570093779389 0.258689668970514
92.1283676933177 1.22029827717584
40.3951585618258 1.80043855449614
61.8128976640195 1.19851537218239
79.7160963582747 0.860144360473432
86.4811537769104 3.23679536633001
89.6252332192932 2.02222449641069
126.887433424501 1.74884239688549
117.196284876885 1.32483824115689
146.826294089017 2.03417564736339
288.732207051249 2.18914957187937
269.50346524875 2.25910257654805
268.372859178596 1.05851768426294
224.122585958612 1.91232746596483
292.279712845074 2.49728444515351
265.278757377839 2.2472594514959
265.274016600955 1.04499930631174
246.668988867037 1.05548485575027
306.897493754312 1.54623921279765
260.986418862451 2.08652548383235
268.110148885505 0.386414060065573
67.8257900012805 0.332616242544298
21.6188910992264 1.56170419553513
171.005263134945 1.23163617609524
120.11234548397 0.823215971521699
98.0607439423745 2.25813021793211
16.972258166285 1.6499128190846
189.241280669085 1.46813947625568
108.345461586313 0.683213029656208
136.594377228868 2.92871097063236
87.8622647849708 2.35164985324541
80.1521335506006 1.39465179660625
72.1649758444555 1.25335354171513
107.855131457921 2.3857019732841
55.4151300676424 1.93928846592639
110.883362667373 0.742568339345541
79.8343880208362 1.13723177786371
87.3771828124563 2.46953258051636
42.9771935623099 2.40694875867516
27.6938428653885 1.91806287797521
45.3496213175199 1.55629207137389
39.9385673170484 1.1237167313852
0.162868245149411 1.92319252582486
334.526816282938 1.91200123990495
330.068720704002 2.76199451316673
326.341317999392 3.70445766586407
336.4306675938 3.45602200204399
332.11327737503 3.24960389336453
314.993170689118 3.40707027849568
289.130703644275 2.32037575633392
339.853363909572 2.42731294830935
314.613411828463 1.72403450182592
13.2877111423628 0.532538525289709
2.15248123754327 1.3628229176388
99.9715003833006 1.47603955928775
176.478541638254 1.63943939308677
180.121292882262 2.39381697345028
179.174417257124 2.13410212898267
224.41940748923 1.91754444332366
246.282127610652 1.5110195577237
289.613021476127 0.708584844299827
285.773395990039 2.02645533886232
323.430951966683 2.82374504742974
302.220576218147 2.53798758864795
291.186351730075 1.85515740640456
249.999341360939 2.51230064160551
296.334739239664 2.93177974072056
287.339477099953 2.81219707081233
244.780261535699 2.78977410818367
194.99228360588 3.30100407495845
225.025152600842 1.97640505590533
220.999040111548 1.85754522029021
184.98445085827 1.14953307922698
170.281688815673 1.56009021474565
68.7014449463023 0.814748103591781
320.291408463284 1.50610851921828
76.5363091000264 0.577341608367583
60.9842510731515 2.2656813802493
305.243376494722 0.871705339967403
204.927582123143 1.7901245639148
218.057047609306 0.774491787022584
289.719788697956 1.09513734911216
321.053452752064 2.1350779598389
337.608869256062 2.27933321377727
244.376655176004 1.57610802058016
164.443149514396 3.22713329768903
220.061357098722 1.14445444773391
214.178276802256 2.1497775336143
261.959871555686 1.8746072459243
231.692216644223 4.01568255976024
154.551531656879 3.04435439559047
193.217546874971 2.20692421338761
183.504602374011 3.03667462820219
176.701926741215 4.08317780354465
278.338231941553 2.27165363991874
266.273547520248 3.19997809890676
247.291258758548 3.5252769299857
233.004069339818 2.96799391264952
210.677185311421 2.22707832576724
209.189793204651 2.19977438405152
202.266445229289 2.53943311612277
165.853231436956 2.89555607807115
131.159489193731 1.72718123363053
61.3727572289624 1.67516731642397
62.1265946295366 0.305063367293076
94.4074832645386 1.3426770276769
35.5952613363473 2.12585315053744
329.445545368711 1.89281810593043
4.12029048745922 1.92931029929522
5.23298181457795 3.0329581012178
22.5607116172041 2.02359696662991
4.63277102421279 1.88583439134628
10.0179918913029 1.28254661797279
354.873793053537 1.33004811224683
30.2593910289947 1.96464700173631
38.3210690478682 1.65948629918491
69.9443963535286 0.682277784738752
102.514097904728 0.923034242203735
28.6041115604093 1.41262351865479
13.7113541950673 1.94301823038452
13.3320603471915 1.87390582120135
214.244763447823 5.17767215863296
253.399778519033 0.416191462967353
232.885192838618 2.18741337125461
236.67300370573 2.11131883003287
253.200732988835 2.89033918810479
297.999624788834 1.81924484672734
306.252506494646 2.2155402560758
323.78511614918 1.83761517857803
338.869733417415 3.3086144939285
8.11333634988091 2.39595160667128
30.068168315853 2.85399005710368
30.7897190171046 3.67631149463932
49.7434809350832 4.18527889661575
44.451180038641 2.8259123448988
61.3953685873577 2.8531076854863
72.3529846780011 4.10082269689921
76.210239422737 3.79625428747641
69.1828711763832 2.88334815271292
58.5059943462644 2.4948140317137
61.2270617135802 2.81274929968459
52.5230634774315 3.44014843659716
44.6254257257768 3.11861807544895
43.9061053443529 3.06456191577935
45.491341800813 3.17888127084636
38.3542282880367 3.07005985735376
39.8579988944258 1.76074513286742
125.997045809742 0.849984393478349
202.219922368278 1.66253000211303
209.337163764802 2.63047352315334
257.571678657553 1.79198668785664
243.115661408978 2.00858448638575
244.49427177017 1.47231462213611
118.182289969231 0.376213614534354
268.915779601814 1.14299245332469
276.129103479225 1.92470049296603
220.682168706773 0.650963386478847
111.41467257641 2.49260001474694
170.325416820732 1.55202950152139
116.933700615591 1.96997221836883
68.5645043062933 0.700074190793404
75.3630466581881 1.95456541907628
41.3549341837679 2.18333389295778
339.204884823748 2.12396856924972
321.085588361814 1.37082650610148
265.619096198848 1.17783246477357
318.2815370397 2.0259480668336
313.059051628896 2.15549155826672
357.837900026561 1.27916576431202
350.325338467384 2.3444884881236
16.5306047877908 2.41839206555331
356.638421874597 2.09856421605137
18.9621742731042 2.14482549181778
0.818511194535688 2.69824132935986
14.764118212789 1.93372263989746
313.18143843463 2.08699577651205
313.103424136135 1.52393729889879
321.447523340513 2.8812949588617
347.952550478459 2.29447666051551
329.730023187413 2.54463110418918
334.81610201178 2.47863197469619
337.906042553503 3.45170063423019
347.812596531476 1.95913800645416
256.536339989355 1.92943170582326
184.08979923173 1.43291368985795
133.015917290813 1.65428509154368
298.327461750801 1.56225806694818
17.2716511799222 1.52565304967487
6.61044715639599 1.82826884559264
354.352131776191 2.45565112180464
346.663987481349 1.19661809783258
311.189167276364 0.876602710280521
297.482135472898 0.457652549513904
261.808082796317 1.39084422050358
24.0235878860325 0.657223067443284
316.140343619734 1.30235124518548
88.714584779709 0.701338159935314
80.365055926873 0.805864269928096
36.3620788458889 1.28887780946657
332.384354532682 1.52358672748438
2.28305105567028 0.756031664339248
348.254084176918 0.669673815258248
213.565200024537 2.27273045616784
266.671872887479 1.72635810515196
213.348404934801 1.82280377552632
227.75982215383 1.90788322908206
80.3246282911808 0.656136948305245
104.242398715 1.73612364141765
89.363948295301 1.70456736814265
130.998783162897 1.76399996122139
321.560546101004 1.47897113915555
302.915446021072 0.970543143275418
14.4473510375861 1.81896019638334
52.0133660436614 2.91483636676214
84.8025512903154 1.44112717932935
135.608800596501 1.80312636981653
161.969585160274 1.31165711859979
153.49055366483 2.66411918664857
112.464930702038 2.33757246621292
108.247965501475 1.56777035093289
149.508962112496 1.79003246367802
170.970576922681 2.10760199012354
251.189972235339 2.02701208048868
242.234249519192 2.24795573584946
229.855581220207 2.03738773090503
211.295538906668 2.64492585958463
245.602880607864 2.05437536408721
260.288105849364 2.27134343285789
247.785394772003 2.12334570949447
240.205794087793 2.72789699139964
278.820585034609 2.19735853444951
278.159173267513 2.74973520434166
274.431926217063 2.79494011157453
248.051678470693 2.80057685901628
304.03393316327 2.28307393669255
262.755440415191 1.71968770387803
84.3621462473752 2.11034448344808
73.5373599970626 2.83933179528951
66.6839113320625 2.39495387186474
70.4923544575978 1.84335469937944
73.2475024810912 1.82181317468052
55.8186184648944 1.73105921657161
120.730916995269 1.64098370409153
92.8897621368466 2.0783390794751
118.404441048759 0.718322652921885
78.0761910146182 1.37942575996927
18.1131612820169 1.92662473979172
327.368889573073 0.168812950536909
130.077214219317 0.381065042944016
79.1684454746901 1.34325452946792
49.1496161787501 1.72160557076322
305.558735578095 1.3366320430611
53.9328227378115 1.3574413194196
84.3866735845967 2.43395109206937
15.2946190598099 1.54388814901834
343.029086462434 1.48698456223521
352.956779805174 0.933102357198141
31.4644531895086 1.64603180737281
31.4568109395961 1.68595623862588
50.5309893934122 1.58048999214094
110.603826215158 0.83505848924166
75.9128159471398 1.94216638696495
91.9561005711266 2.03516576288122
59.7232980769939 2.10833868294641
77.9583569064413 1.94596046005555
103.986836645638 2.7898463069441
54.1959801124343 1.01443412471923
256.30827830956 2.12406805312262
207.293082502635 1.73546303462668
182.199162310196 1.88353798902497
223.336294036649 2.15455446096846
186.854098177578 2.08683032714233
273.993297387134 0.703523903377695
209.231818617353 2.95147064930065
248.017655534004 2.20551078512309
243.342955187876 2.27426313570982
263.351787474305 1.48354523382245
255.58726922014 2.00525110359268
238.019864675751 1.90761780898449
234.670914752484 1.81135479743576
175.905308512931 3.03898082008354
188.185594253031 4.21296633590627
174.958114952845 1.94892220708221
253.764146405661 1.98397264085829
219.429030325099 3.14514837290539
214.512319344588 3.16193335117676
171.961579140914 1.83203621431876
194.136947133938 1.75722137396015
198.07382293452 3.4241147248233
188.368168961768 3.76844296021734
117.94078554859 2.01426591053461
316.196901734348 1.92767748665287
358.258587985037 0.652079227278284
25.6560825428103 1.696314851324
60.3022349799319 2.52999825788585
28.6260909886581 2.9200331193649
22.7383262733073 3.89680258096718
1.62582842778824 3.74967886146634
238.707080093864 4.26175665085681
246.839615891839 2.8062721517962
233.277252762302 3.59955996936899
250.061306653282 3.1697878409418
307.752941715222 1.5809974170905
265.114940193467 1.97946043656383
273.053935005376 1.55246496699499
242.160959471162 1.82297810443883
182.745490912079 1.86082223574264
237.064131286052 2.1649427102759
206.123112951915 1.76238004278142
196.037370567588 3.21607379620243
182.845023645559 1.57928772561152
290.995189014529 0.446389331429184
66.7875488815791 1.61204931398988
43.5687597463592 3.45702986404306
103.531019838237 2.00276597187486
125.824305311993 1.54322444267647
84.809103759753 2.38465447686311
83.9953044343079 2.26277244040167
99.3906059713084 1.57343059053168
88.037324550646 1.51699638287922
59.889915547874 1.81056194926072
54.928195644763 2.34234010798994
86.7135147295241 1.91957238897313
69.826901142101 1.97454797098988
87.2542689006268 2.29723934566196
72.4346827443253 2.79753944063886
144.388985069634 1.69807186306498
116.237861222803 2.48418998125323
112.734268047874 3.29221977166174
109.959783401834 3.07514681541801
103.930745750302 2.23215661029502
112.055030246657 2.55169596162586
119.937647709998 3.11910200424125
123.57697030108 2.90765023039626
97.0642505061494 1.81706905893111
122.439740623386 1.27192521034478
141.243777285686 1.97625903117923
159.421903230577 2.41266281190626
141.531122565095 2.08590909731018
163.388687475779 1.52479365763997
140.294196690427 2.12222148422596
133.593937768585 1.80681697991837
6.82637457399392 1.66434538519862
310.18805962736 1.82412875353266
300.410586114504 1.42037089784143
307.530228821092 1.60469200319365
16.5810810160613 1.77630121515854
352.265602118361 1.62978488451667
302.005744897788 0.350335176324668
196.455066560847 0.151772628734613
117.606383167982 0.922722832590486
15.9542685637552 1.18114210559293
56.368616276291 0.907402213620092
56.962981804789 0.708718332944897
93.2600102378082 1.62217979115346
3.70973456280996 1.69961966613555
8.6184256585251 0.625581751511068
37.8131904986142 0.851550311741956
321.226345253021 1.37366912053469
310.137127757077 1.1740240503621
212.948155203671 1.37444929569456
171.946221885018 1.2405722549938
101.229306607005 1.41660228386744
82.7090759828479 1.62107390765674
58.1761727353155 1.95320395359962
68.4533145845464 2.87201410335154
112.707999734282 1.82758871308028
87.8147858539509 2.13329083061687
79.2171300812532 2.30024251188761
79.3209052933287 3.12018499061974
75.0689107084509 2.38197890315135
60.6702039399305 3.38018512714969
67.8379287194091 3.68929445040099
51.7609647033176 4.99094785214447
52.4892183379235 3.58752540855639
63.3903950960329 3.50738841831822
70.2380276657972 3.42749753309803
66.740222484861 4.26663187853465
76.1109843864285 2.90412679864112
81.3956153128966 2.46988296191989
70.0966594433852 2.71956469852045
51.3833578754517 3.30671638561976
70.5068816995043 2.36215519504955
61.7137471794904 2.9969397604216
70.3933482794623 3.522136907075
66.2136217635783 3.15966932853329
69.0177271765267 2.80122709308568
63.2427421964671 3.31538397301509
66.7771648113421 2.52189546867468
71.9373681301284 0.886872733502714
76.9815062172133 2.17738003937996
62.5648945623959 2.94145081788744
71.7442128701737 3.63398091505975
70.2220949370158 3.84764563436189
71.9129229814903 2.75831246978795
62.7181344420607 2.37768718013323
69.1270602686303 2.99490640117645
62.6261223804254 2.89450579843649
65.7904789999723 1.78773858229432
50.8590734819949 1.97269256973486
59.370867456826 1.49259019011643
47.949455880797 2.29143214743872
44.3214337519069 1.88317352030387
19.3665904911776 1.83231450635733
38.7344908005072 1.05020731858236
25.6757649438765 2.1677545553399
22.0095573115345 1.96428001626362
5.64013168715428 1.92498626352121
25.6264156268361 1.05463325746215
6.33577529866437 2.54676421889753
8.94980922267649 2.13161282519979
1.21560570847635 1.97579787652221
29.124177210869 1.34799422123178
7.51361351914039 2.73741664296882
21.597270705586 1.88831557172297
22.9041567195242 1.99430964943345
21.3022485875731 1.54437760333123
14.0816208138991 3.05329309888389
25.3626055986104 2.25715097089415
34.7315226161952 2.05239122670502
42.8493826187779 2.0654416127901
36.5192850884712 3.59210680188132
55.6777841484841 2.43550728630642
46.841217202523 2.28403878174963
47.1003168320281 2.93132242390702
30.4340588059133 4.15638808666159
35.4437933509262 1.85144372867425
30.929283137461 1.65932165268113
34.2445666197428 2.24492650813952
13.3027738455858 3.03992060147095
227.619607274311 1.29035573088132
82.2378667990941 1.6851390562289
56.2837482674249 2.40830387068533
65.0740615402696 2.51193612020882
69.9763474650844 2.6000995304009
53.4525800981909 2.280846357568
59.3114606850078 2.57910339253768
44.3306244261728 3.16213736048865
53.3272193577266 2.34050882245699
56.2498484233029 2.53164478342425
60.733014704422 2.62770849450959
64.141546491056 3.62598243584636
74.7608604994579 2.69114763233874
82.7641825177443 2.44002597977309
86.1601984560644 3.68098139312498
86.1583876816516 3.88666234994923
85.5952962368152 2.31978355137041
91.5873824073795 2.03897607412691
89.2164770275626 2.38331421327464
75.466414313196 2.68714102241003
79.9901230199239 1.96208429800741
54.1731179528314 1.90629418273717
49.2389082841941 1.04642232258055
59.6716934469248 1.06789902939832
91.2645153602008 1.34135060008917
23.5666653436748 1.46440788937979
63.8153876337503 0.560180115270369
338.483972948343 1.2586668674939
76.0772599163962 1.98831404453098
15.0763894190313 1.62321709173617
16.8476039780363 0.487016266270971
347.44861397968 1.94973319001221
18.9430504122408 2.19299133813887
9.64707195984147 1.92604590871334
15.6504930247185 2.18909893247535
356.067513670149 3.02927165364441
15.387417357265 2.59719984027612
9.39966381326451 2.18396336194665
7.44863870562529 2.45074230075484
323.208522996788 2.89877249049334
222.713508874389 1.38248852967327
219.960848323358 1.56838127460166
221.663702428977 2.56850785919556
233.428569208824 2.89126051791042
230.604747607386 1.82449095876453
265.755110592229 1.92952613387522
245.180208390684 2.06388185930585
206.157837703739 2.70553102676899
142.32245212747 1.65214816208499
96.5700230242155 1.58275470294289
99.0124746992616 1.21422074804282
84.5467939857004 2.74970421746947
80.5068288237288 1.91311859756778
78.9509918270753 2.24906636349919
87.8910859273159 2.61282650454513
92.9593690184988 2.80610456003464
92.3293045544644 2.05674812171335
101.440652949904 1.67560217164654
99.5771136072981 1.75803996217341
108.924172461132 2.07001920390886
153.000042390313 1.42563830004722
221.942216226332 1.99380136612556
235.57841719441 1.3774464787222
207.163861100163 2.71822279310989
126.205965727937 1.36793881719125
16.6220243760251 1.67040788962748
335.575673723503 0.906492853275122
218.400452046146 1.02844051456798
277.413771862052 2.11871311935502
136.962074492163 2.03901149797325
105.193691240394 1.95744772063582
118.167403373178 1.92698207549415
80.0079190035577 1.33664795279497
232.369343079958 1.36742760967709
288.962671679911 0.748772056098615
130.428632008423 2.58123601542426
61.8264862090979 1.35682401863422
336.654571645791 1.51530288959271
3.57271683783472 1.8424759415318
35.9380025456159 2.58212613757784
58.2462816248758 2.22155202396255
70.2132970215345 1.80357229243677
70.3652952224392 1.56138582382966
86.6674756461795 2.23010996965835
65.7553159608412 1.46797045026826
43.3486389410656 1.483998510683
7.47724127789968 1.40685677302483
352.919191883951 1.92120713922407
16.7897831071236 2.06045456213554
351.193355439249 2.22668047761215
336.829052404292 1.95390660653553
314.572399485546 1.96711614270642
259.433117847197 1.56393006212037
171.519836180792 1.66295398808783
234.718964230369 0.694542408967459
195.723374715207 0.836598069727734
310.306863538996 1.57702321938282
200.180367512885 1.88292490548197
176.682755843891 2.34466052214835
172.836192568325 2.59494964150175
145.498820795493 1.51647686436541
173.051893696368 1.54127565477814
156.42087646581 1.79286731197048
138.411490611117 2.74430643906131
208.537256816197 1.50919643155396
251.813619680252 1.61669320705871
243.980309732095 0.886945073291788
260.344099180146 2.25450849984581
276.951098736899 1.7281425009829
286.008196146233 1.85127813798503
288.63702094561 2.00959657592164
277.905222862015 2.81097815994832
294.478464391407 2.27840081684455
283.848369115503 2.19579855678312
284.669262580555 2.1347694170593
264.154356998837 2.4222563275921
293.652040675808 2.26745132113136
274.869894920641 2.4099325315221
271.249021799038 2.48799569047185
258.569886879048 3.51641166717506
234.291235360693 2.17204502969587
248.234740045475 1.3276066543865
269.824995862404 2.60582387304066
165.652144415587 4.37343231215867
109.4454716354 2.93970773618065
91.0133404564939 1.6608987970928
80.43219400126 1.37340192877871
26.6580375988495 1.41015757449464
352.496604070753 1.98621001382522
316.791981467595 2.03597576696886
294.610070017279 2.08589905829689
222.514412502402 2.33894105789452
238.674009448968 1.88017955085244
224.133411912355 1.79365017705751
238.969575779575 2.14773298374224
213.873949685579 2.76136158105462
209.137418369993 2.49545975778449
205.484675124013 2.73334783525346
205.393491262832 3.49814015465389
193.253249355654 4.67874474904526
225.524750832971 2.05891450660688
283.105664971893 1.84265393969652
303.490973938936 1.92305463623259
273.63065704149 1.94646956456081
260.360629051665 2.26786142527833
222.248997364175 1.85636219544215
238.495726777168 2.42122717377394
232.044921682164 1.69676256381828
199.1061325882 1.90146643487884
193.128377585968 1.96377546693439
213.46222481588 1.26211988227689
199.898491606464 3.49382289416849
202.319077184724 2.81669195569045
210.371576100702 3.69953687696821
223.940318301845 3.93410184784533
216.395288103424 4.23188726740983
221.035896946858 3.28198408798829
210.331055012427 2.56043660805421
218.150428592059 1.74970994758349
212.504417627531 1.61695086388928
9.96640657117854 0.658526290548958
352.206991640978 1.15611944416259
43.6042456371554 0.673896987919684
36.9292879773133 1.46540539617828
352.175237035506 1.48572693992074
256.433062428635 1.54404315449717
218.170363809444 1.15471255455957
176.554988729911 2.60491458493205
230.688791412715 1.96008535803631
229.973936066917 1.79090015066383
238.660718984934 1.63549308281008
237.372923102462 1.923286612683
348.045746104794 1.7648588509959
323.239574457941 1.45819179879602
343.57672524125 0.546264791063821
329.378020490812 1.5097537847305
32.7035813235604 1.66741917285352
6.16118588792824 1.28178607368347
32.2350575373326 0.868577313160269
40.5425878711646 0.866383219584959
62.9041841085144 1.79508170205771
50.4952965343239 1.54634920511579
51.841696347075 1.59105820674057
66.2454184585245 3.27053969375087
82.924730513708 2.03642407541363
78.5896335770647 1.73195162777263
91.1906020284231 1.31497171870178
88.4175072332362 2.8959592890005
109.923637217736 2.21075406361141
109.894327018598 1.8148778239303
131.387638645735 0.894127465676718
155.811919869744 0.889041984470596
111.832049611713 1.65208450646687
140.553729778059 1.61160007715104
119.618020989198 1.13760240943047
141.859569884867 1.67705757115488
94.8904932112611 1.52566377341633
130.241192898909 1.31463186431103
73.8612666229194 0.293455352379763
180.775218225603 1.52690713771162
265.420004267693 2.05679273179457
212.927361210376 0.930644106537366
65.4400798716734 0.326146341080513
246.938113712549 1.25670489423482
268.654644205653 2.39599396816536
226.108297227937 1.7927604956251
190.700644690407 0.70130582960386
101.74949316511 0.581668634285632
30.6309656711568 2.1452974673983
35.6458132661385 2.47789617823093
60.5768448453766 2.30615585369517
86.7297756152104 2.93946160605611
116.511765927231 2.23580181797416
102.607047063589 2.02270094671352
77.752763659063 2.41315013930841
99.7250774559545 2.62432945767818
122.79535818471 2.2236471059218
149.643031360913 2.09567041919223
160.377574762962 2.08163373046153
154.43383647681 3.61908180686804
179.876046372033 2.04002771034089
185.467301439467 1.24287524792522
305.438099434603 0.192150238198488
319.086419664052 0.656288585382185
64.174190665036 1.56308655163681
68.0810223252324 1.9101749461114
50.8427903356197 2.91109446815722
47.7685166005095 4.70753641339615
74.1198506113585 3.46599547519694
90.7066505376621 3.28677546056472
109.715451476386 3.3656231625847
122.48433368693 3.04341060320796
150.109005598096 1.98700499963425
148.736567935939 1.96975620161032
145.45934400843 2.21689467132849
160.735340942152 2.24139111708939
176.273398515093 1.39371184261547
185.593839864229 1.28617423678167
199.240756213129 1.74352945440799
195.08676517054 1.32432838788426
181.724984376611 0.378321637559744
107.884458009362 0.886421260580323
76.3323553681942 1.46358390623698
93.3829462205352 1.72157845553728
177.821162487923 0.991675602831649
212.53453819914 1.26891496913401
159.199228206537 1.05127891508023
144.779769183355 2.28214869980948
164.851737157962 1.20127894097039
194.652900443778 1.08196175386858
229.101927987127 1.06506093124753
183.692110222867 1.50848412083301
262.54452464362 1.05330069511981
280.76772343287 1.33527091084098
305.38038732756 2.02000958495959
310.720821187989 2.56420717650244
343.376717883159 1.95095923298137
354.619113442318 1.64247099688809
1.52582954648994 1.3605212549146
7.36171779865987 0.803975728598274
355.762459885012 0.570414644546424
232.796434697122 1.05227838580092
234.930814595179 0.873444776638722
207.105565286988 2.08827206193302
274.170215894673 1.66992831855233
318.428634842238 1.9470287068831
283.541345558877 2.38472447890833
223.10153411016 2.07763344570157
220.305784084331 2.6177229378849
245.620614751257 2.71032703077065
254.479813977556 2.71754495497975
237.406867623972 2.45370823027272
231.639789081739 2.8492364368609
259.734352032409 1.90843152893143
63.9090422052126 0.841244784863163
131.734555045036 3.54470354136317
141.589167495326 3.32565384988856
170.149961776825 2.74269656289186
197.748087903819 2.33547578999065
198.850604034424 2.9839636657439
246.566946048797 2.2466861690713
253.231380559764 2.27088411453921
261.684251869425 1.85226866196827
256.243211062517 2.22725626908136
241.362219818811 2.11802332327125
261.146666787409 1.76725679468287
240.216990168913 1.85513553857306
228.727553786308 2.18572803802828
285.553376288755 2.14105893594796
227.847604097078 3.12839531359541
219.635332655414 3.68105151525323
215.340826923253 4.34099633489263
201.786616135513 2.45233716360095
207.077463199648 2.30087410179428
189.607586247067 1.93780672942366
181.734545764188 2.99341184170107
217.864924355769 1.47771899817898
243.217342137567 1.89633069391186
253.112125735595 2.06710232936883
238.399195769971 3.55495131407619
253.204073314361 2.60550814048587
252.455556055464 2.18626490576262
217.571697143457 2.11916094763974
199.035961930493 2.09489827195936
242.467013188605 2.32015833598502
256.844271007524 2.33310190489579
268.543522484826 2.46418212939377
282.106086729621 2.40284014596231
280.110410741208 2.63835437615527
282.675780231595 2.17918547231879
277.4298741554 2.2462744107263
252.148016617035 1.98482471584022
182.851440557543 2.63878498401252
177.745149413037 2.64508363303394
234.806060724402 2.56683182074578
253.506286291943 3.66050439767007
248.623638384065 3.76374329514655
210.187909289248 3.48652088460395
201.764338231083 2.87975123161825
199.90681860119 2.49433030492926
292.091287106416 0.854740838577455
7.38790359342715 1.82029071088915
14.5434144280113 1.78538756247471
357.810109757851 1.00379393044257
77.9079877207712 1.37791721283656
110.899554520082 2.73382602538907
133.092910246919 2.76830945124548
148.61985533461 1.93404125415357
205.493236409208 1.41080424882372
229.668424504799 2.10134363136263
232.842216570417 2.17808180427524
242.496694234809 2.20456578968559
267.405204224434 2.15841460163175
294.431791345564 2.10237895988001
302.089409879637 2.3448415599202
295.873024955274 1.9383919713066
287.586059346821 2.47917496589647
271.365040974207 2.44870062624918
213.213388800102 2.83672680713159
207.817362653822 2.83897945796813
211.19722604339 1.44478562400728
331.994632035127 0.643010445285562
31.0140679667091 1.67036517454323
74.9772799772056 1.6312725215514
132.545793913676 0.722645589498849
222.712182135037 0.834614392862876
142.963267500385 1.72200593206793
190.647842926985 1.76746919427782
220.275431724088 1.97666382777967
241.779077448321 2.19003907315791
251.769856777099 2.69870713978712
251.223159612088 3.50044342537287
249.349567001566 3.34154121151703
253.813125812334 2.23006937277268
275.517017884853 1.73464223482055
283.179870685764 1.98732620137278
266.868068101587 2.57658200043262
255.97237555803 2.04505431428249
222.473970749815 1.70735581047803
165.910769888744 4.48493130220291
169.4148127255 3.20791916453731
192.658503905445 2.01426092308805
215.89763474943 2.02591915714087
222.055806916478 1.93814772081203
241.800392602846 2.01173826548646
270.881849818869 2.32481735692944
255.425613564266 3.03183486646456
235.968049832484 4.38476005951586
217.486241180513 4.41895026607951
220.412604282535 4.26717629053977
213.201315845644 3.91882141117058
118.788135303822 2.56770978472716
79.7751720187068 3.12889830498899
84.0051465762344 2.30573662343574
74.6397923528243 1.44576069505548
45.5868077901796 1.02671874756419
341.500614757741 1.63617277371792
327.467688844352 2.28409129060029
314.061628028852 2.58102675150896
169.336400000331 3.80172077322456
141.404287359771 2.37057461066109
176.378415330854 2.60814950451744
180.830503099796 3.37306481207169
169.583842577352 2.96805304316259
156.342338490973 1.93794634811076
131.387040289563 1.69698642006556
143.4574206672 1.44297865769671
165.125868262486 1.32796378976078
144.318694459054 1.18043616001777
153.593935142152 0.996262328861507
175.410511523759 0.93723918644532
192.531756163562 0.928330021002873
204.45707285902 1.29160602114723
221.804349505499 1.54117483137253
220.807359200726 1.63486683210295
196.541413418707 0.836257878585736
118.139923933014 0.939463867459552
105.8302589517 1.14489172070033
105.377532452942 1.20180321772525
163.787361097534 0.990006778637908
229.172164618723 1.3777333857452
251.891899966979 2.38205307787509
273.423440611467 2.19002752179164
290.548597495422 2.09120742541204
310.547424784041 2.01992926738685
302.759297174461 1.83644528995288
269.979387217392 1.8603944168398
272.546447303747 1.35397098585274
296.438670119532 1.36615515243638
5.07789265039429 1.30433274567777
99.4245427160475 0.9751571237636
250.68445098899 0.650802155813734
286.588136567923 2.04362762872752
255.868107887028 2.14223595505707
221.067650169318 2.75297317424569
206.760550054294 2.73223449207513
197.041492681713 2.95550717640296
188.364090255299 3.02144351114967
180.163386165843 2.7375877805815
137.60624910946 1.69900252963465
75.9153284599749 1.49597687877595
71.7871358858051 1.58098387504528
64.224973457652 1.64453924352562
70.7738565643465 1.97583941039437
63.7079964981743 1.95542343775141
66.7177518847853 1.90372984848405
70.1792263373652 1.71191237453592
83.2930064020613 1.1763092075842
74.8521928588293 1.36965053657568
81.9412513702731 0.843489414548594
79.1335292073551 0.902755042847015
115.497819587988 0.628131815308524
114.666563979286 0.864071449145861
178.19588271299 0.581872809386274
250.767724573196 0.892804000349365
263.716559830273 1.09055698257877
268.272134225001 1.91857403365353
288.256474595983 2.070375093686
301.279229540596 2.28378856714812
295.398797387707 2.91168234012207
280.216673372452 2.73963685676749
282.478093247832 2.14988802060044
292.064170015567 2.06924552494979
301.712024827103 2.1920970867049
291.806717776239 2.54749812492868
272.744922273232 1.96968421866972
240.974130312015 1.50476022071566
253.265899527302 2.01196543248714
278.816354833061 2.09584633455187
219.878480134724 1.82476144553829
211.079954131768 1.47172747276461
240.300459140345 1.70951642638661
206.509518774326 2.16617043134961
190.396878126204 2.49028442888507
211.348407193887 2.54291238314711
250.556932766391 2.44456554982957
282.238934533322 2.39541865477545
270.099387076013 1.71544289598329
259.148639785555 1.53429314789878
205.476725757239 0.989441425523448
190.937759170775 2.37963221206363
214.452025600753 2.00927295319017
216.304958636292 1.83546005578425
199.547352555528 1.50942578969549
144.412858330353 1.318550641908
117.82532703518 1.24595601118398
124.282838501127 1.27799096535604
164.149284234821 0.695745777650708
203.829810444492 1.07584017646737
234.440074284794 1.36514059638677
251.961723842608 1.70750399184378
251.655063386422 2.01793788074057
253.794211761285 2.52955429368414
258.210610604945 3.06616553954829
253.373342537645 3.74988437493753
235.831213600884 2.8454037802936
206.441800462759 2.02038167832897
223.706014586131 1.74173495528741
263.786291656769 1.71943183314344
280.464276061852 3.1370934059827
268.853482571735 2.65206216674871
161.309924800776 2.57926164220351
142.342409833998 4.20726864805917
129.384184603849 3.14542751147278
125.261270195334 1.68337577520542
242.244485891354 2.23893531742331
270.320629557526 2.07870057197893
286.221278198057 1.71832246032574
288.508621798826 1.84722485964689
271.469619300519 1.36846441205826
182.125794215173 1.97691327334104
198.419088395044 1.95112305922834
252.243161781075 1.52825726154507
275.994310319969 1.38972909647027
109.275235358318 1.19522816829964
185.171484086798 1.35115861005304
204.14228034729 1.32235774338212
321.560799826331 1.37222574840778
19.9366172361222 1.85240648497131
52.8739161332337 2.24954593681979
89.6303008982002 1.76749511978134
117.649178599505 1.12906179906032
177.081071453179 1.34444132632842
226.388575867461 1.02547463238933
232.714446934511 1.33835818773496
243.071903669386 1.50554847649202
288.476714701053 1.6540636151464
310.067328120652 1.12794524169395
338.805284687846 1.57696951421456
355.818554158619 1.61538520892394
9.67199035491132 1.4621503717916
28.1947670553795 1.1843680857611
13.4715112889155 1.04362127221116
345.601687818271 0.982903966309458
346.91774757353 1.20917371869285
341.301758351139 0.806423442947453
356.959696856284 0.357723458208932
169.878230248971 0.718055253387315
267.303952052381 1.20564348038524
347.402943075023 0.989286345941146
36.119006084411 0.911770785771299
93.3792023178353 0.768865515831668
147.281820372498 0.900024206525699
136.228306948449 0.906043229897146
133.349409734462 1.27568264980308
161.771289226839 1.20761187725338
190.603080387205 1.25500475336533
200.553122557177 1.20868120527855
226.329831998673 1.33581465097058
240.90626483132 1.35819101422745
259.859913482324 1.23048153440133
272.244078469464 0.995226059710178
284.140366287241 1.41467100721744
269.843715411298 1.58165873089688
257.502219761912 1.66428020871951
242.170349807131 1.25651344143924
239.643858809454 1.55875301177088
257.045616860248 1.62079710138314
262.759615076696 1.76767021198894
262.720076625885 1.64845619531842
269.957540993526 1.82542043589766
273.401785024612 1.89681468371165
260.715412651016 1.75785306147614
254.59667842174 1.58922593256761
254.426791941217 1.21761723769278
254.581645908008 1.30237862223595
263.796790442631 1.55366846057379
255.742163196943 1.61866003139642
254.343320204853 1.90516881479001
249.913187272965 2.05356930236101
251.067965786052 2.23630268603026
248.43468127836 1.88783174123648
251.096573819275 1.94774619426613
256.174793113759 1.84559949556313
261.170224150735 1.90253580679671
261.030244724969 1.85847134694194
241.171359864406 1.80660672492465
248.690193798926 1.73888764327084
251.31408126438 1.85938020869152
251.213729911321 1.60433621962151
244.931414609697 1.64844495817116
241.91351910417 1.63014257362529
246.258048310667 1.69290171397804
252.34143404544 1.45312852299813
261.908324418823 1.20726878088978
262.981263772772 0.997301182442619
268.766268881003 1.13146221691068
261.358187782393 1.35836380760851
266.794778790427 1.3646711552747
273.988243328112 1.19244845649889
283.56046951791 1.06589311647499
291.972070929942 0.87923960550606
274.102360193737 0.678482290743026
258.91806244391 0.834305278663155
237.327175781418 1.51704304193859
246.003800389934 1.43009252498675
261.044297248687 1.48087768716742
292.141631308888 1.70393875252439
323.684556008633 1.28358275917192
302.694011583763 1.07127386602209
198.157822981297 1.60774138609766
195.987677836674 2.18395458543959
197.975003558398 2.15811521311162
207.338679960436 1.94749447432371
230.991655013717 1.70357414002937
226.165268271721 1.62719137031162
197.922656232132 2.00400284454286
172.723534038784 2.10917754384994
177.349889343141 1.44425015622826
174.982613440404 1.16102520894799
97.4802412685728 0.934339534119454
82.7284731841427 0.973829709548518
75.3320656387848 0.91861275541011
27.0349290080663 0.837106710945688
12.4155572582256 0.669251710900068
2.82082802679429 1.1342868396211
4.94229752814033 1.22997632475318
20.8832805102913 1.20866656019248
62.6498051788249 1.44693711597556
84.8109134070953 1.71295746909069
74.9285176524693 1.47367308537188
72.8926672850485 1.4033241788374
74.4435228104906 1.54773323972068
99.3851400307535 1.3619938804425
132.406806538535 1.0160852616865
136.823047185357 0.644132544963614
112.349174979206 0.542153100466668
102.736071761592 0.792505443530064
92.3059287032705 1.1603496924648
116.29129306129 1.23279059260473
152.395157890678 1.49589767018927
188.834891297383 1.41438078170677
200.924716193834 1.6070061209234
213.675705993388 1.66655847259806
