257.466713062179 2.10264850469898
262.464220443789 2.11739243335527
260.192502616229 2.1424243274652
251.193600450186 2.34680329508391
181.283302821938 2.37116974687416
164.445217886543 1.10855993567027
21.1883056623781 1.48234659972408
32.2011865483263 1.41934878662914
60.1385661897863 1.33375038143077
132.55038290808 1.02442527433808
281.688659854133 1.50348313262564
263.867849416069 1.98319627169244
209.642324981738 1.84158654173826
148.294548032252 2.86514167729714
174.465482793735 3.35097095575995
173.226158056253 1.97728132080283
194.312016736015 1.53758274763604
272.187288571913 0.853923390100644
357.302484949604 1.55813746771911
47.7146297483589 1.16306989232939
89.5749653468404 1.13816181944991
185.529421863821 0.59048284645132
340.518609274658 0.72591352675529
69.6941158490444 0.57509268682056
104.725192780738 1.13996499013024
134.896232610909 1.19353472009398
170.350472288334 1.49945896416638
177.746152355343 1.3122744543074
192.006481906079 1.59119144497673
227.20456889961 1.69836900808103
231.638970834331 2.03538784943048
234.879186692974 1.69517760192617
231.643375479322 1.03228212422017
83.2285515083311 1.46077195946362
87.8826096685234 1.43702580887777
125.468619030513 1.78238704312984
99.6850622148505 2.80975192219665
94.4873808219525 2.27967852059237
105.785282995131 1.7250627111723
100.881178495821 1.7811521201806
58.8786695670551 1.10502292868656
357.132741157392 0.661490769577381
8.29407848913002 1.35530617836155
22.8951647838605 1.29211566325686
40.6182796644284 1.16958447813987
97.3458828422519 0.830175015943593
162.650314504009 0.514316126073546
229.165149885544 1.36952508252024
217.94350208429 1.33977236872068
212.862596973376 0.903927739992363
217.17210721004 1.00462520018813
235.416077410266 0.570690940026788
217.155520158761 0.941521162525672
297.149041566219 0.464330845021255
118.236180265821 0.181021063794463
27.9722573795288 0.84220387163121
45.2729971551017 1.32111260582185
60.8573402111261 0.82522050402427
50.5117811022705 1.15067908420612
57.0508719791241 1.1137469497525
66.1320285368375 0.651997196882155
224.143290063554 0.334901261205388
242.711469094171 1.11449269964984
252.324211296191 1.08486769394809
251.6514777589 1.26348921597302
246.60444601405 1.25411085270955
248.626906537203 1.52832196596938
242.846865757829 1.65324539449749
240.844508096714 1.80774278571161
232.957658967305 1.9203096348365
244.104125548635 1.96125085827049
255.861679332602 1.92024624942064
262.881667017044 1.84745498313374
265.660785377132 1.44505477415571
254.411531618838 1.51146839669499
254.659434942021 1.61365338200981
243.24625001411 1.51007445727369
233.129722682057 1.3755560104609
231.111670484878 1.80923465302922
234.084543618739 2.03072291426629
235.159279065953 2.08548486732353
228.547400015564 2.03099556367669
223.756038973614 2.06489725721784
221.189510382471 2.12721605914054
227.617131712885 2.25820031623066
238.922284254824 2.12272495694744
249.184786178306 2.18346662189134
241.984704246638 2.31877337704026
221.88704860784 2.36356977097053
205.88517787176 2.45743269860967
221.087539600833 2.30979698291917
218.209044354243 2.19093157875387
229.289615539885 1.65519383375866
264.229997454351 1.7423874017944
281.654327034467 2.22396206547441
239.539090486998 3.34375685354289
225.385136243538 4.30617499412625
213.828533471336 4.25914191871183
202.49922746505 4.55107874372552
160.535886253566 3.35678699919502
173.631637013509 2.32294488678552
197.64732241526 2.12737874050924
215.547930577189 1.90728895513035
221.78714927113 1.88600848832677
218.488394008237 1.96656392822032
225.831348062241 1.75210462546211
224.306236914981 2.21340228561956
221.593342329872 2.54286047201903
214.980293700417 2.78313826702028
205.905963748808 3.30096567107688
207.208159030938 3.23852418603815
207.718502556194 3.16039434080021
200.890652241759 3.40983185919275
203.760638816218 2.84674664123636
247.532805236718 2.50247431111113
245.82810666065 2.64816960442428
211.797922450835 2.71897487481695
172.697284809208 2.9453103065234
153.166352952557 2.94512900110293
194.546128435626 2.18948299989521
222.700288328402 2.62460523551615
231.682322342884 2.59030719879396
217.596467975154 2.74924722519894
202.63294656726 3.3994017605766
184.142579245585 2.96630202624966
192.217921927341 2.92199386069658
210.224361734017 2.6615326513071
209.329393328778 2.61433349939763
194.999809363265 3.07470817378706
163.764435892794 2.36843609116738
206.507966008588 1.97699382364287
214.550121744404 1.88910834542079
156.308130050629 1.71928131918071
122.366906831786 1.63533575033745
97.4637907091133 1.70627803523446
65.8931270743789 1.7262894065179
29.3648780574031 1.06938449399953
38.0901970380768 0.385566944167081
335.265324756023 1.39633837962569
318.291069534987 1.05006237135644
304.955584449786 1.10101961401466
233.875908139212 0.132518852522114
235.373320357044 0.448597275078592
212.98610379192 0.134691452619979
342.274822203558 0.748118117990196
245.196166649457 0.160161421388014
191.220558871475 0.305393271302453
115.34737468709 0.487934882121887
314.670188502778 0.162365344591606
168.479638572328 0.229921847326641
198.137701796644 1.19187955597507
193.870360227999 1.87907981712099
191.39249458107 2.04477263849201
201.917326951485 1.1356901585027
187.608991062648 1.80923561419016
192.174871995588 1.76931266254916
220.667496622734 1.6104093970391
268.744122660139 0.487873136438321
284.215996056666 1.55293938832196
306.590349311024 1.7415896431822
283.271464884609 1.99370122069423
273.946594003353 0.77803408240035
277.99193150938 1.78609174826323
309.107004856426 1.78632521939602
315.753124733238 1.92467160240152
336.829557386081 0.608854009335112
312.233965881189 2.11286214253083
300.36663025696 2.23337226182648
274.326784058675 2.15010945855177
228.614804051173 1.72392586260352
209.975977959614 1.9726604406028
206.313207432331 2.06947110402385
219.035805763803 1.90750718606189
214.322888146942 1.7479885995587
215.595726007437 1.7736706007014
218.345663174303 1.85898501417198
224.439381908923 1.81003677989769
233.606015781475 1.48931236032516
240.207614079145 1.83855775734469
246.557843162198 1.81924532043241
273.915615211645 1.51143986909335
315.909246128714 0.24044097453557
90.528227827631 1.25869806026226
130.915795848446 1.45007446675129
188.514908904025 1.77873980377859
219.846666125523 1.64380692570946
217.257554138581 1.98893362485444
235.710614904504 1.94700533485489
248.246772485498 2.12371323291884
248.670937243153 2.19961976804982
241.214416603554 1.94769337773108
236.254057335421 1.81954536122847
248.017423132772 1.83607512725606
259.735480792443 1.73349217218135
260.61434238858 1.74747194221761
252.777222289462 1.69340082268941
252.427561911489 1.9074777187107
240.63071872114 2.37869697942778
220.447281656386 2.04666904633075
196.190471628845 1.87471818418326
191.061312846395 1.81309130792026
160.623037332365 1.59260290911222
113.98850302577 1.71293774505367
117.772843753271 0.267396102825704
12.6161114057531 0.294156828088701
252.268936483585 0.0710157171372765
248.202294656368 0.556402730672421
283.298519011743 1.09244141374534
285.583954664774 1.06850711333519
265.284164134524 0.177168164426017
43.4889634081832 0.854415923506556
41.5179151042099 1.10324440711748
35.8689853459591 1.13912434131965
56.549725625111 0.948935253402678
34.6794378363502 1.49372811471344
24.8213236673483 1.03085847997806
233.699638146185 0.409405493922916
239.452642900031 0.696511758323488
259.991393774664 1.62791731872796
270.097923995625 1.60778062197205
269.194711291821 2.00891771943201
254.45838865064 1.52271442481378
226.143854003532 1.92609605527509
140.154700822513 3.15612273683291
163.639286436669 1.59760970438879
175.779432376468 2.48187024863682
130.128479487879 1.59516780313171
191.97400643221 1.59239717445346
177.1367528906 1.52662291896453
130.113307317052 1.61299438769004
131.760869409437 1.76869296224345
125.572587463667 1.47593454194718
92.7126992060539 1.62664472500572
131.317180407597 0.958521351007749
92.1205968019989 1.03391548783594
180.042033402568 0.302289599533346
313.788173663213 0.630124020176012
58.7655551167501 0.344460696723012
94.1490693287265 1.56783112894486
151.406079243851 1.57772688620121
179.943509672209 1.69830900995219
193.141594371569 1.65695668097526
200.476463599859 1.91887556132194
210.592999489968 1.85754561425096
225.964725650531 1.74288109023002
227.379039400486 1.97648690770184
234.536833828399 1.79833133502391
229.25846210972 1.69045049463224
244.696541170157 1.53766521185726
244.847076974512 1.48409016472791
274.342284183901 1.85962231171623
279.328440182837 1.87913516843312
280.822249674638 1.62466462245877
287.796436832572 1.18517340818827
273.876525825997 1.94786232343942
266.881959913 1.8802436241071
257.912689216253 1.7144733610449
249.064032321478 1.72706578158974
251.229272032475 2.36455325796224
230.314741255205 2.13191627338381
202.634729330843 1.88544783464463
165.824555334613 2.38910353025835
162.140326505384 1.62536814036936
165.413052926666 1.46980740763142
221.318738239979 0.992755741701343
232.127826738287 2.07545584023149
250.806366814884 2.10508747551148
244.468373268263 2.05285447039905
200.732454999163 2.27115656051904
186.927218996687 3.65981316907536
178.560601160292 3.42163021943942
180.555677064928 2.60807550932379
200.76201886159 3.21664525848027
203.007124945695 3.9233014456255
219.812038830193 2.45350395325299
197.277692300407 1.47342551045085
187.336547028051 1.43715773913758
227.89010945998 2.0309052755051
279.772031416899 2.02546571481479
273.144425108604 2.08095827721489
265.31664117963 1.82455914166571
225.909199266695 2.55736549598773
260.779489011283 2.06852494129694
248.556010447311 1.86497960287291
279.538700039441 1.46965987100503
281.785486835958 2.05455941267468
297.373918212205 1.66625913649021
274.274232742229 1.62324875470909
280.424629801699 1.38626104917987
228.861181745182 2.31275416724473
208.036764413812 2.03457609043038
215.437109592048 2.30309895181973
248.379038847284 2.01365976762124
269.605745724424 3.40798514161086
234.875175013968 2.76841126524611
206.087606589603 2.39368990226004
206.763284288993 2.33708523147392
202.444793899383 3.14607240859509
226.988985442296 2.71076488692978
232.289698735065 2.64243551745795
224.470478131851 2.89384632448209
192.738909625848 3.82287728336152
210.26396813151 2.09025394774014
231.849587710748 1.92393694074802
244.047701614882 2.09575109760154
236.367273507176 3.12920327190025
233.045130540399 2.94240037149198
216.341150228859 2.19973235468916
202.558131144106 1.45763681538053
156.049888914849 2.07343209406834
194.109469061944 2.06566301036065
193.637648286695 1.94894483336345
196.396428453114 1.15692573203309
181.999758122117 1.40711294445926
179.074018767901 2.1243621920142
176.487494700003 1.98406392245135
176.810441273905 1.23047040242546
165.073256330773 1.68900953916351
177.177382059541 2.21174117176351
188.854083380555 1.96571691848829
191.674840565977 1.45457332071686
174.181567302999 2.88662812795603
194.512254481196 1.82369890121176
193.768165653191 1.64487910393912
219.21682834561 1.00471533905681
217.690765457665 1.55830416783993
240.154220836203 1.85800086786366
206.44178953878 1.96644316397001
236.465911096166 0.826787266627543
205.544038145416 1.3725181163292
188.35305004716 2.08561213643242
187.040857453732 1.80142198236327
203.927159896193 1.08886185952429
213.338342162347 2.61991688375194
232.214580323224 2.28548931082578
216.888500540003 1.98981636277919
231.100856337206 1.35497040788114
230.595603890889 2.37716203173183
256.385707485672 2.47368730489757
261.783718487135 2.59984058011768
248.18129380322 2.65641876222179
189.46668482305 4.37335180983825
187.802257494684 2.35133675397282
173.170418995718 1.89743694649819
184.284028735905 0.727821537552214
184.31447828226 1.63848120302262
238.484479440708 2.21910857692041
232.101268246157 2.0393585397883
243.447480329042 1.63177550916484
238.62395267007 2.86852825315365
235.575047488572 2.47300514437741
237.361329911731 2.1009262422333
244.911656721657 2.29195244238462
251.230471504728 3.85788534378099
235.650452796409 3.63853556906576
188.152318204384 2.76805490277768
156.438099651343 1.73770704896422
215.741534173232 0.903183161161094
304.782228232396 2.15608794865765
284.716834730459 2.98261402256275
187.743023672106 3.56237993229194
194.646964448978 4.50107352621054
218.703000601019 2.7626660700538
226.687526099685 2.423612704745
254.461688185462 1.50432080357029
291.608997780963 3.25693399941039
262.032810801758 4.22060765951607
199.676684919843 4.47896677894286
195.029300413964 4.33142130359563
213.882859203483 5.03239650305319
195.868939718812 3.07363926882023
221.930845945678 3.18983110154544
222.473259981255 3.34890568790234
205.266080665483 3.89272750468189
211.985822813368 2.23892387975213
224.440077497067 2.01553872910307
250.76497834099 1.4285925082645
213.229750765938 2.2737787532255
298.778488590206 2.01775147306241
305.986407877673 1.79429891407055
312.221827590233 1.4777278612983
239.017375340332 3.36460313407543
257.391100769776 2.08815467438117
256.851164297406 2.02385587971383
231.003345609237 3.40006483152446
202.214007279445 4.2632147903786
195.903250713497 3.02181352937402
205.379015628764 2.32121860847662
264.279886261008 1.86038751850404
269.905410963305 4.13120517388046
295.295809639273 3.31514875134541
192.253834054562 4.32018490082611
200.361929440131 3.45389716951617
201.918406500444 3.36169821185338
146.789418257287 1.34669882400591
110.45184045122 1.58032452107565
121.696900085188 1.08260237963783
176.330248053297 2.2711227409642
123.381585138112 2.35130640110695
127.350459600397 2.28037036133372
113.996716124002 2.84839843784263
131.665571839109 3.27466445547374
146.853452234111 1.7562912249074
211.32891865414 1.00088933896547
298.531161740973 0.859020426864303
306.01115239977 2.94324191297078
341.155427887938 2.902044070556
357.807017410075 2.68170526917284
353.865888891448 2.58106982516547
328.237069830011 2.99341975158731
353.737738807803 0.345842810460233
358.287671544384 1.29067757292351
31.0298619065949 0.384175309369782
18.345443565064 0.672037193988228
115.305987547307 1.64464421329867
97.6979605903024 1.40637042533291
146.551166152903 1.07981436967938
165.035678643842 1.64733164622965
111.797037394109 1.45767071217042
0.241069999151136 0.0975176046681218
14.7968350487397 0.171548675223329
64.1632694026769 0.822808819921846
60.3114687727933 1.8679149772572
16.0142626213781 1.30971741400288
348.910387623307 0.693430146723909
249.67014311861 0.608458793289346
325.311709937624 1.10656750973285
318.217811498487 1.71512325649191
318.328214452203 1.13607063225918
300.537057445038 2.33732972389471
345.495854099409 2.29663291003095
325.263863791418 2.14759003202058
312.725859935745 2.5984628655044
291.648027621253 4.26471305868377
272.838583395295 2.82017164102582
244.414400502531 2.03298952615502
251.912134607485 2.7228854282875
282.043630956437 3.89995464459884
317.527157558801 2.34360232095441
269.458567441618 2.02355787493482
216.544262486497 2.96940384976041
203.912664868323 2.82242462477891
76.083768349356 1.25133941317301
18.8170581603724 1.52323447257027
267.836544405055 0.337564665034638
224.230815575833 2.48430371186106
237.57087745903 1.68266801143874
247.721364544866 1.59176045423553
238.989820152267 2.21930283129236
208.358614112445 1.91489855906562
171.169282827299 1.74565453771317
202.438551833576 1.04107500260331
192.305445600959 1.33463210253533
203.047438577066 2.95672116452303
205.317629671729 2.13531327847809
219.509425316679 1.65617396227612
189.520307308168 1.36052423673464
163.033670182816 2.50821789636531
342.09714562723 1.99997825604876
246.339102703373 2.25863386592107
178.084692409484 2.55903655727081
143.326974209799 4.85863390315567
165.752770593369 2.2112320730045
173.29997685982 1.76962420878764
132.601665925401 1.01467747889359
106.315580313268 2.24863033238817
90.5710588030697 1.69000874133377
205.91404074154 0.939640542939889
312.720391434204 0.854616832864957
351.098055488037 3.04445906095427
65.0138556578009 2.82231437897757
83.9242203716627 2.81967590594523
108.172016373498 2.97585670065816
135.444457115474 2.43930185678236
50.8864515007789 1.81062979642071
294.291498022982 1.95927625184278
302.127807377646 3.14766908447777
264.27348279864 3.57978298312465
201.273796649934 3.79658211607633
196.622253496459 4.18714709599031
187.503575265361 5.74212508990474
181.851416555209 5.47825505386845
177.983165467767 2.12494548611603
191.700447721094 2.04050512164389
186.407578815135 3.12455247404264
214.431998001693 2.13363412027538
179.828914664073 3.03032579680531
143.691388099497 2.64971871404902
145.733628450937 2.20550412998935
163.344154000158 0.982756792318522
124.403750467304 1.71675056660431
107.97345407586 1.26607164607634
134.277239040009 0.863080067054077
135.425861118621 1.06268757600767
98.1129375327624 1.79171076334672
69.0539090537742 1.44786974104446
102.733272756305 1.66190113758778
88.1157531569358 1.15055119259886
104.529667951628 1.33657618193836
342.378907032822 1.23123291495847
201.508959712038 1.34525642768395
204.515751660509 1.05209178128898
26.620320247408 1.89538303984826
328.420994100726 1.67853595902352
305.334518719188 0.938286324388239
317.15326142831 2.67870797650614
348.713198327146 2.39737745767254
348.084277956989 2.23375379553334
325.492225093641 2.44080919741386
198.064007422664 2.98493848282499
210.772008919133 2.11340437512324
180.776910130067 1.49250530081096
56.4132173103882 1.4878741320927
325.672138896429 0.307874141091605
21.9165212160144 1.71424539142774
30.3682984613821 1.8807554059882
29.8938248737516 2.80694096394193
40.6154584248847 2.47590029325497
75.6428819959426 2.06257907125717
46.2030809500083 2.12702211472656
51.1733691127447 2.54676221766418
55.6508854965435 2.56464915154573
59.466250560544 2.01336232604314
5.6431536273621 1.53400218996681
289.917447043349 0.25816713317726
164.37951280769 0.528902976374566
306.298607415042 2.35357122651533
262.368349610452 2.1801477342683
249.751467245308 2.36762306106303
228.144219905221 3.94123855254449
247.456696113371 2.46415916670785
259.8393618919 3.09147473932
256.253956456774 3.49255628769845
188.995269631504 5.14086547693058
185.375324954324 3.5198635011422
200.548958099842 3.18610716997461
168.753821654416 3.65033795576799
150.310976929345 3.09251242319169
79.6007343422846 1.62560980172834
25.6313153536239 1.41827426458492
344.190706312016 1.40521959621319
332.872207962929 2.45680139007325
2.55011676070239 2.32004896767524
33.138612875876 1.71889390810469
91.7250231454281 2.16390210246888
118.254149371273 2.57459033770754
167.851137552292 1.56570550466607
184.028883658558 2.52808825382333
155.668649780868 2.26838724760757
119.150071303167 1.95116168005619
149.404475513073 1.74352789622074
84.6955230041509 2.01585526943992
151.380864245213 3.23122765060438
152.199311063709 3.80043998645246
131.692761082413 1.71179937944413
159.215045686926 1.44152488261647
142.877395394275 3.88335500655912
139.784159355866 3.48596465438205
174.739960565293 1.78327310661705
218.592490842587 1.45206144311188
253.700077847705 0.557572188660952
321.842096468938 1.39067275376249
13.3823743472838 3.02944819410364
11.6780696983877 3.58476708226978
21.746793610856 3.3584328973942
57.2529993959204 3.68461860782546
80.0982709607773 2.54103496421966
110.08563554101 2.0642982572924
106.734836592372 2.31093923021926
137.641792201694 1.22265830463753
312.620389533129 2.20666851861338
289.792929898587 3.43176972898738
279.478313686622 4.74375245637714
181.20614067229 5.38546454802221
178.038634206267 3.33001068665674
188.058888792079 2.10109463051831
135.660302178028 2.14331611359796
141.307005291063 2.62539058756404
23.4195130499103 1.96500764488308
342.284402526761 2.52448936447378
290.514896257862 2.19265157622283
183.198999146684 3.56050653435563
190.281664034452 3.57199433639523
199.926088749262 2.51983520337101
191.765696750046 2.90243920952736
207.993165841916 1.88127795932445
181.584927308002 1.76003456408645
162.163820973382 1.67971670868463
134.519008498693 1.87633950096369
115.663079798129 2.70794157833695
96.1527586840937 2.01058709423576
120.630793692839 2.2029366495452
110.238517980315 3.04177845636206
118.000224246026 3.25644093372958
112.286298007186 2.46527272329863
104.87004651674 2.07895255900972
91.687202028698 2.53736226166276
102.674270190644 2.62681620135393
76.4978077707497 1.50849864032426
91.4900544019964 1.04198731859265
154.205326376025 0.767397139541798
164.105731695653 1.0739335207198
249.497278975024 1.9056820283077
241.94891287942 2.37612453402573
223.743369375851 2.33596121085872
211.12900632286 2.47873024685625
257.958607937532 2.2712790524176
248.882788464239 2.12328621509546
242.078371152447 1.33054551857176
244.491083774971 0.857457983973593
236.613150141225 0.904111186493244
12.2264167135453 2.55079333520927
17.7122029361874 2.13845970677373
2.05692707484832 1.80178402847471
32.9788171723645 2.54568498498869
13.1105203347678 2.36013382221696
19.1207737546114 1.84596788549005
19.3744694519678 2.03356009277637
338.191524285918 1.81085177866882
343.48985750693 1.71410790170148
107.000688840706 0.665344196101999
85.1825967639446 3.70836217401686
89.5598133130662 4.034590240981
103.701654493286 3.15357072001035
125.14951554908 3.64042441126472
114.841453546292 4.12334151145256
112.601036005601 2.74450279566007
141.767067058221 1.80128630365343
145.061491686701 3.6545901973565
150.181090794785 3.08917044143661
145.509054500252 1.36841894076144
146.907238898766 1.70518298409453
153.024107374948 1.98974715849925
167.849810844435 1.48345376202116
280.070114271731 1.99606776763105
269.441511170675 2.47593427242222
265.946102266011 3.4671446348718
245.672977983423 3.84726638375696
283.315928795288 2.86053911150124
295.175468702843 2.58878226025415
299.796586265357 3.31501964342699
279.416978049846 3.31521200186594
308.947154203389 2.39480357966494
303.734879320334 2.15854468217792
254.513168927484 1.53564658177095
268.51416323081 1.8532219237937
285.601155789943 1.93221467436975
282.653758943595 2.12155893341388
157.105483936132 1.78443467725152
151.277118723326 2.06752428328834
341.998476863195 2.04732481637812
306.337489188722 2.19415402696598
271.878263635737 2.4539593263247
173.05727430261 4.36263997063251
128.286055835214 3.55948275454554
91.340700310312 2.86192802058807
76.4943771732795 2.21923335242907
54.6094534062231 2.02540569284559
58.4289305498599 1.52947544625056
293.835586990583 0.77854243098271
209.886172244638 0.678670257882553
227.595810290924 0.995529167353148
253.01918123739 1.89387169375964
215.531972521695 2.08494908103117
202.721262686868 1.44553808006682
131.688531246515 1.10086861397994
345.344668930645 1.18254900636156
272.036439563412 2.16726201909221
229.981109833928 1.57612529087543
197.825803790348 2.43436523926763
239.976911165854 2.14626499037701
98.956533882817 2.15677346308443
75.7105063046063 3.52951251475869
74.4595919088875 2.91657192009094
82.2625436789244 1.9155255609979
89.7379344972045 1.54709389180598
165.953773343611 1.10416190105714
180.661561501014 1.88045359194383
202.151561643481 1.87694027015784
185.870153177153 2.01894424989503
209.533047816794 2.60518090487566
187.794223556534 3.96014033387895
189.200335327488 2.24153945788619
195.719327718031 2.17750183280751
210.842454062178 1.56412266966763
198.394162008051 2.83167850661363
208.223609659837 2.17412319787948
217.561111987653 2.27519639309463
208.586870371431 1.87182278496943
209.654060746644 3.22277118363661
238.196455340184 2.23740196514327
238.614427684879 2.53267718556313
229.38869617531 2.72596596229361
191.511376142963 3.90528998427012
154.01893353154 3.14823129222595
124.400977044672 2.13903986590976
81.1340926004794 2.48035846190406
72.0234909164586 2.38866547264499
69.3001246155674 2.69529886214516
47.7256565628086 1.88838588613803
35.6970444230928 2.49828158318329
14.9086655602087 2.65568993415613
8.65766512365417 1.74948106663036
2.37928312214666 1.92826424822548
358.47883729046 1.96078095159357
349.375341002262 2.26036717276479
316.362183455252 1.87640945507528
347.800329823355 0.66007805340711
136.559794527648 0.380242798322791
39.3617398892771 0.894277300668621
108.031293683645 1.37106846702906
95.86267410298 1.77738688794786
91.2881280542621 2.34028086476524
59.4643772114994 2.54861557382284
69.1240738328897 2.9631716341026
43.1651549220394 2.22912912993498
62.2889686318615 1.21204409932709
96.9108494096873 0.969247242205123
256.836874224273 1.93266403399242
249.365829358465 2.34722970110217
221.985578604444 1.49008150219456
191.117191986448 2.67059653328817
266.561738631406 2.10415646234088
241.73637936213 2.28851264736251
244.941316790375 2.00834667139288
219.365462553165 3.43341220506404
234.254890052689 2.0297429722024
194.506380257949 1.82694487746236
83.6262339878662 1.58023182444565
73.8408066328 2.75530887701783
64.2405915902608 2.64510047903628
17.1838413004945 2.81401058115943
14.7763138233476 3.72228162809663
5.87385051925929 3.28153050966487
328.378531768182 3.02952457220912
245.067510572174 3.17055131075995
192.462636526792 4.33483454697412
182.548601383951 4.12240969002747
170.691338981204 3.41517809632893
130.0312802238 1.95362829631304
55.7433359462177 1.36145845952506
34.8342626461439 2.39049907951754
33.8378173201481 1.97692461999484
30.9921491926595 2.06382076793452
29.5492891016164 2.20182697398905
65.6027887761378 0.350247763206807
219.385221009481 2.18848474679971
196.924724298312 1.61612890775732
210.814087248305 0.397335235455504
336.717153939106 1.26063133198923
0.328775530655264 1.61361775646329
350.458168018544 2.4225725550483
358.948882783548 2.91783786776442
336.455040483092 2.69199500789678
170.634803743843 2.46770900341788
144.046598755237 1.28214227938515
85.8702304055657 1.40471763238308
42.3023087407906 2.26701663447976
63.4326773167591 2.26208998428696
19.6917246307715 2.2040271360967
53.9878759869963 1.62503296038324
78.4484652933636 1.56658903270822
116.498079567764 2.11688384235137
152.815664508494 1.58548741777862
186.36624332403 2.17760768760751
152.47617256058 1.2409922579468
216.738317598136 0.976745824976259
146.443392739149 1.5089831130623
118.759014410123 0.490508750868661
84.5439375686461 2.16366450303011
77.4345159397739 2.37810930279453
77.6854604082754 2.3072358186512
80.4691213924191 3.61303250759147
86.7815338382168 3.59938717559334
85.1129017420135 2.33194417374846
95.2371534869033 2.1112673762736
85.9333862409544 2.23280314686882
82.8803518769253 2.01092902511834
74.9375035125273 1.56219402954016
65.4477358518736 1.65245431838228
59.5156905565776 1.61260674539968
72.1426981525534 1.724328297392
80.0530609251488 1.65389683997707
60.1682605700956 1.58545482444761
53.9741854351464 1.59118833427863
74.6839744667228 1.91555373660614
94.7036785760469 1.70557133301396
122.640418377431 1.27552147051975
128.973883546644 1.1119233177464
121.703972518209 1.77856351021492
165.343705949387 1.36807680139373
135.400052792354 1.42917731714676
91.5118924828556 1.95080475829793
102.748761584335 3.19808046505992
124.625717251743 1.96610249202353
117.683631676076 1.94811795369657
91.4301967759019 0.729621281476485
140.982285499917 2.69634012158209
126.853512861972 1.8109958558576
87.5440926155756 1.98333998539282
84.927616150823 2.1026820709977
74.365497219082 2.61204863252516
65.0292409837719 2.7543288109886
60.2909859237686 2.6789797938102
77.2682192631121 2.7734264996342
81.2356468477498 2.96188570534741
65.34296117301 2.13186509514743
102.085785152368 1.88659718802339
120.004718360402 1.5925909434128
94.4540059869746 2.99195847014002
128.953749953304 1.87914917079652
218.126975664586 1.67008770558082
172.416053420144 0.762988718370122
128.703300612658 1.43761599617354
220.277228721637 1.83906155933243
139.478094915287 2.09539732035852
68.5936954600056 3.25259927143057
86.4424597990086 2.48205226756419
94.8572419400003 1.67867683563684
115.527577104339 1.66144495142739
87.1813127430064 0.407954869870189
125.836314509505 1.03849665736055
359.862192856141 1.49376753832478
249.473133928395 1.84636471747314
279.070928971448 0.745694585730405
212.16752587662 1.55012189223117
221.820204746494 1.91449348369019
212.906062599613 1.8483754013647
139.88622780379 1.1506978931836
138.795141268792 1.50638155626623
80.1136456607511 1.35610523489068
58.2713745000854 2.32102487464969
33.8929862485118 2.39233704536337
56.1279668642447 2.13939608866514
67.4858669036306 2.14956058028939
32.8364121258055 1.77293898006388
17.7899040502308 1.87358153859133
1.84253660858576 1.47402245307466
4.65271288927761 1.66738144345667
329.842858822528 1.86881134846405
317.482245133874 1.5475614910498
310.086804983964 1.84316804599254
327.870085661168 1.96809586190402
304.978312155725 2.07638311085105
289.471088178416 1.9915689931849
251.151422325193 2.71828925282331
210.237033146786 1.9588935926432
189.392351535189 2.27486530384371
128.069040782071 2.65451097088104
139.782400016369 2.12712785878982
229.131263308496 1.94026469869568
218.054858602289 1.87819154610554
230.03023904172 1.32949445951511
224.947823148865 2.33456674935119
262.355728064901 2.39406570497827
235.144939044104 1.9962426593306
183.869796922828 0.855539954095405
157.386806280116 2.10626920260288
81.7308087609681 3.15690582470576
61.1829043268914 2.47608384638565
64.0258409638061 2.60444568411464
81.5683321846365 2.16120901401051
49.0126899580134 1.56022047802957
336.889580131388 1.69518284058534
269.393861790606 1.20458707541238
259.596037542548 1.66635683404699
271.27908147174 1.86823392461025
281.858808194104 1.52766467731631
306.463556698377 0.474187290491212
335.935713588291 0.713068475900199
342.183358097051 2.06098386645636
333.586056379243 1.95226410039613
326.705241755445 1.09156456243137
304.611367322986 1.35242846994776
322.087920859014 2.17805155667282
313.270022472423 2.03736803386297
300.223677198152 0.779794129938464
304.543941547949 0.923657387374149
357.258581132526 2.10145893987617
327.407211271927 1.92438914167051
324.61257786025 1.1143995637273
353.35865527784 1.99305586033264
16.6698170448278 2.22395626707828
6.20006403256366 1.69320482039159
15.8275357361154 2.59472815703517
10.6630849820085 3.20297082679547
18.87328196206 1.90509848858926
24.162437782605 1.56678936083942
20.8783446480849 0.991383943611713
169.855829501043 0.801419357806001
282.953985715558 0.540704797839321
261.452694587717 1.78711844050879
215.414927180065 1.67464215530566
204.707655577494 1.89728729583507
279.900463090196 2.17831743310098
265.156900320385 1.87784402547836
265.57781201747 0.968904263487295
335.67249669072 1.39881724564521
343.922956200088 2.16528525449085
348.6549127137 2.13995712719862
337.900257067216 1.94832184634509
318.410189919339 2.64936658552266
326.036888710816 1.95621028492807
278.212067539757 1.8358165306461
200.162010154801 2.31734477417714
187.608799756998 3.22385980662369
176.665410215904 2.88666774149444
168.295554798663 2.22665241163904
155.873974261515 2.68857650373657
131.352105260878 1.917804904255
36.3468763052681 1.57231233731198
27.3728194485712 1.33757845484461
120.687717410299 0.363319205260007
54.5143589573439 1.44380376551065
350.99874297495 1.56889774673718
356.881801118605 1.65020588991146
294.236143454205 1.04391270695507
5.95616030097779 0.26181415498227
162.299896855254 1.75735173178304
185.404580075338 1.65989758430102
207.449336092212 1.77616491066425
168.46709031777 1.82514264520819
233.032916647769 2.04261083614683
171.730346162767 1.45302999374706
45.1586015222767 0.558603373818404
56.8296427944048 0.617922211606662
3.1617039253407 1.90216009270841
347.663825537862 1.94671865174245
2.63533559184083 1.6768733014126
25.4362206641293 3.18307315559892
34.8796904056559 2.74810449779723
61.5276693752135 2.45285896458465
77.7937510377596 2.25520013953259
98.5179113753413 2.92522494797162
109.769193020535 1.21433521724874
170.420504927029 2.03698966199435
186.270077174718 2.04496574325969
177.374196048531 1.90830220707896
248.193704174971 1.36202574557765
208.326341595488 1.48574644844117
198.118031576089 1.45397125580462
198.906079008004 1.83175674935617
149.048540185592 1.29734699703922
152.584402934295 1.48665426620707
200.808824427814 0.40331926713575
254.846476457223 0.313678007332571
319.492707603941 0.640311494796019
332.357591045858 1.07855431999501
261.830989645701 0.94420781372985
247.435735967819 1.50377627565808
152.690521028829 1.32345021938518
169.165402424015 1.69016514630668
164.293955687576 2.32242345701047
146.129087494457 2.17520461815895
174.647015239314 2.11599940459246
160.042109147664 2.46653759620098
147.16360989339 2.99299172502189
144.274419962959 2.73289382509171
121.611276057332 1.41163262876012
168.672146475645 1.32035052830457
188.742550271082 0.852560101601297
198.998987981785 0.903491030222727
279.722240445595 2.06406750258098
235.890766993876 1.81994313372136
250.628519236956 1.68058683840185
223.364545829186 3.04204218195286
249.410031213918 2.10977941636501
248.003328670979 1.79785565670016
255.751204395262 1.71684922274595
249.180803132052 2.30997736405312
278.43886125823 2.17490333071641
259.599307810282 2.18172508398663
225.754500041748 2.63319783719725
225.025472603205 3.59508245922841
221.107825760951 2.46652106248812
215.269220714755 2.81507160012489
213.128040951347 3.25261647624414
209.660850664763 3.59080026575621
235.836848629139 1.86082643187485
239.750588626918 1.76632140116882
260.382694983757 1.22168975725072
262.730356706572 2.03604158992515
307.383606213428 2.02579666062369
288.315272442187 1.63986420819654
238.080618229073 1.36150981415542
190.428060276425 2.70757621023695
236.429807808835 1.84895801255752
279.363628939894 1.77832347533227
285.114378976594 1.25728288669612
279.505730220017 1.67886773072136
21.7834177324122 1.40059218979973
55.4304562300982 1.13986478646437
210.835314408818 0.278297346353051
123.261409999012 0.684076925455807
127.294795390666 1.61366501891838
120.988181862695 2.26939294147723
122.589188195999 3.62260368017817
130.219535013098 4.08117748302072
135.397559489596 1.86118379899423
157.509981427303 1.85117069905791
179.057630365897 0.960106371064078
168.392985863913 2.00842258299935
323.507353126559 1.83228225751455
328.647256794899 2.08583193033703
327.327235029317 1.92800437459168
319.138792043453 3.5962554804299
299.319364007776 1.75578632214856
253.768647908988 0.811703191472072
29.4135278670062 0.984117351146538
14.9288779712298 2.53522640912082
20.8835554438224 2.4604799135574
13.7185266374544 1.96512054727299
314.599592173712 0.480850638958222
190.524389126076 2.92645511235939
169.514043013041 2.13467574318699
168.82250204244 1.66937656785459
134.905536977611 1.68901394970377
74.594794981094 1.16721502489674
303.826070815295 1.17984721816436
314.868634578921 0.722699253218515
347.873959883028 0.770341405225094
355.011868116656 1.24561176940391
33.9118207451958 2.02146212464451
12.7979863474212 1.78902637736672
18.4483357493096 1.24832166844325
6.83418923460965 2.3228656058429
1.74094810776114 2.10093497275901
223.546828581549 1.84682004153768
203.515433704618 2.52937580028219
201.579481177367 3.18277766506752
201.247752670842 2.34817928108677
243.721131858558 1.59454243779582
287.522723850491 0.979885490045508
325.048513614824 0.992262226303804
71.0387770158756 1.92879243324575
125.652613102609 1.72710657784362
165.274886525301 1.31291882094222
151.713000665971 2.76758716645443
183.614218463321 1.60445226494818
181.209130513121 1.55809645253187
202.3008543956 0.968886330810782
199.489660364557 1.6671720140907
138.964022921783 1.20532673349631
100.068555428216 0.805212204335179
97.5291582098876 0.158104613427154
87.3815423388614 0.887916372200587
79.9896801384901 1.55965466030302
104.272646201169 1.50982651316122
164.641502117872 1.21783758168769
148.204167064399 2.21125828834519
193.338432933274 1.91513227000708
185.511662600894 1.68697158767168
200.902164034064 1.35827325091562
199.609637520455 2.13636494628021
227.94238178049 2.01731453147403
264.704132128711 1.17223156661634
351.249619164584 0.60667096402813
29.3558399966565 1.91848765289515
36.0570011878096 2.42906678221245
47.2103016056434 3.33780971238153
43.4577836355339 3.71618630583938
40.7011953082807 2.66899584443708
35.1402661798674 1.99383462024988
31.3431174856612 1.27100941215104
254.054122441051 1.16748457024889
222.999196802517 1.88883524260299
55.8199790483993 0.570974133521928
112.851924632647 0.750822201543785
185.994933993806 0.496364329374725
210.987719780655 1.63240188297966
227.865753399989 1.38306279584334
211.82591785687 1.01642869938089
196.251803318669 0.644469713668133
163.276353530164 1.40794288855022
150.786954387881 1.47937187769853
132.160089575329 1.16787002915276
122.620382889064 1.89109767279675
124.722569952704 2.26806156656147
123.030701575364 1.76364687352601
122.568779520974 1.87725881283156
118.1055489688 2.64076093241688
123.826620605853 2.69597007738733
119.374683323329 2.24872358673704
129.521534534178 2.07413895202008
142.217901268525 2.19435678959687
145.415119944256 2.96158803290267
140.689683424883 2.43405210732351
137.213244114503 2.34641115291323
135.524650000118 3.03009341594069
141.744251662374 3.27444725210013
131.499373032352 2.8164362367253
131.885968850393 2.98114223596952
133.972216473872 3.17608380558838
149.77531531637 3.04568102836018
154.992457745207 1.89535773934795
166.092870642843 1.36306137435653
223.405479177301 1.05168703096263
185.245258859615 1.78391711821239
253.612558310394 1.61810108992364
248.284998885849 1.50108443712437
237.744781177181 1.16571927926188
183.198254394024 1.74111456329203
254.180316146807 1.88436058444544
229.808876368261 1.25880397065526
213.509766911257 1.08002768283716
152.583065292849 2.04023457346925
197.634597488887 1.20667404691711
198.137918799755 1.45581454085601
207.186869400017 1.49178940000407
181.840572635819 2.6701557012848
206.739334004962 1.80753974518328
208.599096706021 2.26150093412474
183.928974806109 2.18023826118042
162.30734367758 2.54422313815332
204.990992428204 1.42132295793086
206.940777205231 1.69550867790506
189.836813154023 1.56873866780218
175.41626916971 2.36469744889023
192.796487997722 2.28587964612237
190.805554230681 2.46346136343266
179.364110611757 2.56186523312444
167.51074883815 3.76641850560598
164.777180715651 2.42160046935238
176.159194548562 2.36198358455969
182.879866644216 2.83501471679517
191.490688774141 3.61185943661896
199.889401771998 2.84509120464311
206.38595184523 2.5287724782198
208.402633140185 2.52741533286236
196.39070147199 3.50323665485152
216.429127746998 2.62126553534216
218.01746783014 2.61113044792965
218.454225880061 2.17741165961927
208.296139679327 2.66769821717193
218.728746533834 1.7339980277081
231.125417295719 1.39888485144326
235.257735749076 1.18842139634317
214.745581338209 1.62879819653212
239.310154899887 1.44969820549215
233.554439637419 1.1964348170794
235.103197682582 1.01777259798901
200.496461979931 1.31597419110775
250.444044578269 1.64560842480899
231.251821587528 1.28807569276946
222.553718977801 1.46986414441788
209.945867070658 1.83981978532652
222.657664532002 1.07333468455109
228.943518751474 0.7588790255261
240.126772511378 0.442709266164971
97.845801004729 0.572310198819698
128.175453643841 1.33682254542842
173.952284935268 0.979781503398249
189.29257988917 1.39356206027531
155.502569641869 1.68130831224522
178.810140861807 1.00393247236199
198.03952719593 0.599432304406403
340.07369877523 0.814199874430775
328.343457841664 1.81053876611897
337.480480267613 2.26590843906696
350.809356363041 2.23596817312123
354.732093621404 1.91395521478541
37.6886154330122 0.246728233529765
89.7750523731364 0.990023817736811
133.391136994025 0.955024690110478
80.9782484479641 1.48773848442879
88.4793828727963 1.55436713904192
92.416178440607 1.1452586555783
122.956959180945 0.801483056918762
184.810417894594 0.645823480987097
212.439602575531 1.19091662932444
249.46316897346 2.06629786384115
253.367314899211 2.10347177478554
265.512173839143 2.3551494030608
255.743970700645 2.8603401402649
258.767534705561 2.47111076130609
258.86476382428 2.14796991710462
259.196601024949 2.25323427276246
243.438426812535 2.15600365656521
226.353751758112 2.11006374586897
222.462718534388 2.43767901013364
223.741858687508 2.11296804209076
274.470413019146 1.30371734152374
309.522607745506 2.73245449458037
222.474972134957 3.7366221037045
184.444674602645 4.68988694840416
173.149072007004 3.23566320710681
177.85615002276 3.07483712813604
149.948373342233 2.72372831974798
155.43262031785 2.02090187020775
167.524565977531 2.24707879700874
209.617094916558 2.4168424374256
220.488248968789 2.30941391749319
225.798407868868 2.29707889522617
286.529031752167 1.83773498851363
233.283816641369 2.65016151451444
226.753365230368 2.7171779033354
223.519045866824 3.10039996838746
206.998880598864 2.93870580102607
250.515427377386 2.14929365489327
198.902650706743 1.68964965382985
163.185893310653 2.07139845991857
181.490295139926 2.09859649609873
47.599316169328 1.48618263056508
82.5933616239696 1.61002326498611
118.454288924294 1.79727062956092
134.344698241658 1.18372341247785
77.1479553823936 1.72578557162834
309.199107336838 0.910515960691681
333.066864988128 0.963345807817878
335.081954499164 1.46472227878759
321.352410740621 1.51913532578038
10.2855289969248 0.713822867280742
136.061456527003 1.09428837376799
146.385522978323 0.990244836184437
98.8673592925191 0.99303617791953
118.012451724257 1.2252039747518
110.532852711542 1.2398625369842
138.009362170339 1.28331021437406
140.227998888401 1.32458106181794
150.372761107548 1.66467331412394
177.558382681539 1.81477188221091
234.822369403683 1.06406533833331
254.475308267362 0.503820142078628
82.4657214567966 1.00607616442214
55.8817397352617 1.26964526808624
3.44352234625643 1.08018836993279
1.03804741397005 1.59266625582906
13.597133415263 1.46253840949274
15.681012776911 1.45141950651545
18.0365957781918 1.73651393499977
10.1073782340211 2.34341271200828
29.3445565022122 2.30480178324017
47.8910513625119 2.13052806609518
65.8209576139407 1.89608889301457
78.8100060829485 1.48857304196682
216.383959921529 1.28043314035958
255.801590628689 1.30115309596438
242.973177910793 1.42125000830255
227.035012733929 1.72204515696835
242.38614271097 1.62138883089968
215.395237120116 1.5037619688747
233.200058729544 1.54400438590781
261.266282467168 1.46570340307565
276.722822273212 1.36815123670363
326.054736293115 0.91914167017164
51.5120932593105 0.264309441503238
39.9471367038473 1.21211242382133
54.7901581321663 1.26714342950064
57.5083338116584 1.08356898425965
77.1246262114346 0.903814569130248
25.41769370002 0.837400849955974
338.752488516581 1.11801493479561
306.959631230605 1.36820367756433
326.629090760884 1.47469034999834
331.061617162906 1.60848569723212
342.57696292468 1.40944070389026
4.22404784744185 1.45580067184462
22.9361904181716 1.52132112278994
21.2419717686831 1.74685469575036
18.7147447599027 1.71906170004307
31.4608447258635 1.59816286219565
40.628957640822 1.61552024947704
53.8598638275505 1.42653399624799
68.3787927408564 1.42574837764278
81.1284066268655 1.10649132794075
105.384673118371 0.814846818143329
105.908983876428 1.13438501068751
143.83032186289 1.05596313141476
165.796217570043 1.54295467182729
163.092739932333 1.00405862628881
170.520316410667 1.49409089807363
171.415052298676 1.55812154666913
166.252179333392 1.58422766461702
164.803509718292 1.2530152122316
160.520935926608 1.46263505166857
175.685348894178 1.49249736183813
178.133898738438 1.36483498772192
184.652684308764 1.66506738756048
184.914286981424 1.79306194700676
203.140117194696 1.8947115309313
214.793286367295 1.87607600775672
216.252719987634 1.94355828148591
208.267063608522 1.95929137682876
198.138696736333 1.95588254444351
184.846137862352 1.81322767555172
186.389388130101 1.68508277330063
194.45752814505 1.55787588778856
207.056857540648 1.55631041103736
207.542640835549 1.36555800031245
212.690822929076 1.35206706272341
212.411637196996 1.13522883704018
226.601951874717 1.13030372296855
31.1899865710423 0.134233031885183
97.1589725188417 1.24475124858036
153.702363718551 1.75003230189659
175.190506813469 1.69104943091893
189.658953304559 1.89997248593657
175.375009159743 2.33580822868388
159.851684000149 2.32490660000904
141.169414621366 2.48482371703379
134.176998603879 2.42035437408837
125.889792885035 2.47032363946586
111.584253515213 2.52224378325099
113.750550652505 2.47515362778657
122.587416411052 2.21722357900726
127.133533227568 2.0475962730729
127.234181015525 1.97358444998682
132.375384719552 1.81641399758532
134.292842860255 1.75636340338597
140.623478084758 1.66745741274349
150.398680975239 1.74703918271363
155.051541785279 1.87208576746682
148.050900062947 2.08311582639993
156.401140153626 1.92986705170907
185.258072107824 1.73819928738968
221.907579019224 1.2302137226687
333.07408049195 0.795159365207675
52.596026353104 1.70194684640009
74.4310892320327 1.83171742747182
83.3117442220381 1.6079538445586
111.369779212708 1.72735794434813
180.757728779605 1.27537684983767
175.542723884524 1.38790042261705
186.633686473862 1.43178846329823
194.400053800011 1.65461109038129
204.871528365126 1.4206993354409
214.1151731157 1.54997018885688
217.863703116831 1.76163690658315
219.740051206991 1.81753562515359
212.620274779197 1.73534398736146
194.861674329801 1.4572833181864
175.998292012565 0.899521867074366
144.98254970156 0.677033411038945
133.206498944418 1.13365498974422
133.79656658473 1.1912003358829
181.584483806337 1.54717841410895
191.737460038949 1.40860041443389
207.77349491077 1.1570605355384
198.7567866813 1.40549381908585
187.690027469373 1.25810384239085
193.577119384705 1.52308485513586
192.385526349824 1.92140102701248
203.135856993831 1.62263981993928
217.42754164027 1.57145532946762
224.768615485485 1.6897264594104
232.500094099669 1.67760224829866
242.901526675485 1.46428548779562
257.318542651909 1.59075105955185
263.780955669991 1.66328619082656
282.040672210577 1.02114195043636
304.110323558814 0.275856399970351
117.891656707869 0.841471401821567
183.108455441661 1.16193092888185
234.105168527612 0.798457531725655
257.15027376777 0.613521537867615
258.136441031622 1.01164719024763
259.273023077822 1.19570719166514
257.196939186941 1.45561251432598
257.128209943831 1.66067592097816
277.846878955646 1.45346880197205
346.090438869567 1.09297450038944
72.3153622584792 1.31466159902793
87.9830119795515 1.8256861550383
87.315023716876 2.19356186501729
73.3188906093237 2.4627106225767
77.5352757164035 2.00755870067943
82.2470433991974 1.90496441255458
85.4887861260439 2.28250060815538
110.464867741562 1.80871375889192
143.158694971794 1.4255385310737
181.28289632449 1.47793091695172
204.32717156423 1.51953671537707
223.011715405981 1.61443305066767
230.532476925193 1.59303915048511
240.715676277011 1.6682223921967
244.107768392382 1.62136834191874
251.790636327795 1.70074540170675
255.070045130374 1.62426563569767
264.236939438832 1.68095590600807
272.663303681398 1.67701016880526
276.885719795784 1.91168542753453
281.530390006755 2.06062898047032
280.363095540236 2.32774965148117
276.788557258917 1.98131500266955
275.320884412274 1.66573200622659
264.20878396343 1.32738398290679
249.351985510107 1.24487552696301
246.623397936343 1.26999853547675
238.758931130258 1.33044475870144
233.934652527515 1.54822708559094
223.863327399615 1.6376321592819
227.440477523135 1.68306630355011
232.640308538407 1.79560008329211
233.435689627012 1.55790612691178
237.105631431471 1.55745969835967
253.878260855385 1.02135536450008
38.5588091784923 1.00218829215078
79.1871510146869 1.21683180169103
98.7216360427049 1.31898380803831
123.107322378528 1.07977992199872
165.418218078139 1.42010522439406
186.066593751666 1.26801452290582
193.365217079709 1.44470024856294
206.950628440246 1.8032496718535
211.296267720004 1.93711682229832
211.341228552372 1.73532732609499
217.159271362242 1.39035033727162
212.42409075796 1.29083877236402
207.044714316389 1.32619690071627
229.320187418496 1.44023503586952
259.002935438713 1.66468303424753
272.188661365575 1.64078926785295
218.216822422635 1.33232146954836
75.1546220420853 0.456188049781843
78.944213339065 1.74163122934955
86.9248763987652 1.39739385087032
79.7089621986514 1.34667555805097
68.1932974684794 0.373510412699288
318.956999144887 0.597469946171561
357.008728525398 0.521041715854999
55.1989121308213 0.651446972175274
80.6400065977336 0.949778655310014
99.561050689483 0.733686200534293
129.951237740771 0.586766154032938
89.1471352483687 0.735585455713374
127.567457813975 0.631811403528119
101.528503916161 0.720329178786853
127.794601329227 0.950497110892555
141.016668442121 1.09077888661956
156.657240402145 1.23412387421855
167.554491641739 1.20633775587021
194.370804145831 1.29458694491609
202.364897862893 1.39870137407005
218.779472272203 1.70483905033851
223.431412252231 1.91387737389178
237.660789890279 2.1276099010327
250.991440353374 2.1395026966173
259.033847789158 2.08127695617797
263.816022056127 2.16543089616744
276.199783636221 1.93237444690869
288.855831314659 2.13443049115291
289.703077612647 1.98727909144209
283.202097558513 1.94314316628415
272.79433006151 1.6404894538285
290.824822905931 1.05991265652999
322.429983175579 1.235339259466
312.757662223177 1.33319195276108
331.756471702251 1.22706046903378
346.396328351017 1.27741440372074
4.9264957073533 1.0646297949488
14.1525000428822 1.27785684270074
23.3127982155912 1.53055867533569
25.2202933299474 1.38297631397426
15.1100573068519 1.15413403762248
272.501611887599 1.19554596279416
259.054475559084 1.30409151072154
256.858640545237 1.22739217556196
253.232717940672 1.12839844046292
229.768633715592 1.25458414849092
245.813328233368 1.48511064534186
