13.9289	2.2023
343.1262	3.2491
351.1714	3.6666
359.1558	3.8798
11.2924	4.0538
14.6949	3.6792
14.5564	3.3301
9.6065	2.918
24.2064	3.0707
33.9023	2.7134
33.0593	2.6619
51.1165	2.7088
66.9147	2.744
108.8475	2.5218
117.3877	1.7142
279.0437	1.7404
343.8384	2.1256
19.3049	2.4421
19.9273	2.0904
23.2981	2.2037
37.37	1.6453
354.4327	0.9276
0.9454	1.5092
25.2423	2.1016
50.987	2.5328
75.3095	2.5052
94.7919	2.9499
103.6957	2.8615
99.2695	2.6683
110.7812	1.1944
327.6183	1.1247
334.9451	2.318
348.4497	2.5058
6.319	2.6348
10.5145	2.2364
1.3861	2.298
357.1869	2.3861
353.4252	3.4969
351.8498	2.8998
6.4248	3.4079
5.3512	1.7361
348.6599	3.0107
339.4194	2.8848
355.3372	2.494
5.4492	2.1634
339.5175	2.3831
335.2151	2.6914
341.6264	3.0327
348.989	3.0099
354.9588	3.3588
358.7665	3.1526
2.283	3.1599
11.1931	2.9313
13.0875	2.4483
25.9682	2.4256
38.6072	2.095
72.5763	1.5915
140.8744	0.8656
198.3941	1.6601
206.0604	2.0858
219.7429	2.512
232.9045	2.3253
232.0989	2.1113
219.4657	1.5876
185.719	1.612
189.6602	1.9354
187.5946	2.0388
207.388	1.7453
209.4676	1.7372
222.1751	1.4477
211.7341	1.4647
229.3676	1.3405
228.3456	1.4986
221.4993	1.5278
223.5174	1.0333
239.8712	1.3177
227.9116	1.2506
243.6778	1.8599
229.7985	1.5197
257.9084	0.9389
234.9127	1.2153
214.8662	1.7889
188.5598	1.6378
162.6527	2.6862
163.0809	3.4069
164.714	2.9284
145.7338	1.9986
99.6984	2.6796
68.56	2.894
55.7242	2.6964
44.4664	1.8723
36.9195	1.195
180.7122	0.3791
211.0842	2.2724
213.9876	2.8142
215.8644	3.0604
220.4693	3.1644
221.7466	2.4946
185.4615	2.8049
175.6137	2.9848
173.1773	2.2519
66.8293	0.7055
317.9812	0.9329
338.5843	0.9647
133.1701	0.7376
200.5169	2.1492
194.6313	2.9397
196.475	2.8059
180.8429	2.3578
157.6002	1.393
141.7344	1.4759
134.7503	1.4212
164.1027	1.908
184.3302	1.929
240.4237	1.6444
263.0086	2.3259
258.308	3.2837
258.6359	3.6805
259.7773	3.1833
270.7536	2.9992
273.1018	2.651
268.323	1.9997
275.8011	1.3148
257.6144	1.6384
215.2999	1.2863
172.1803	0.9121
128.0536	0.4748
132.4765	0.9423
156.8524	1.1226
186.9047	2.0099
188.3251	2.2578
184.1778	2.249
183.4132	2.9738
195.9033	2.5329
187.7081	2.2564
181.1441	2.3982
179.3426	2.3879
184.2941	2.6076
175.4965	2.2893
184.4356	2.1001
189.6824	1.6679
186.1864	1.8018
201.8463	1.4845
201.1366	1.7169
181.9432	1.528
191.5068	1.5887
185.9463	1.9329
181.5251	2.188
191.5501	2.1227
189.3807	2.3493
184.352	2.2062
178.2769	1.6469
153.2566	1.8124
133.538	1.9288
121.0969	2.9362
122.708	3.343
111.9285	2.9604
119.1675	2.5035
124.2303	2.2297
119.5781	2.2387
141.0556	1.9673
154.5792	1.9672
152.2901	1.7209
128.4502	1.4911
150.9698	2.4291
134.6811	1.3979
138.9961	1.5062
161.182	1.4742
210.4314	2.5565
217.3123	1.7501
225.9666	2.1247
221.8253	2.7545
229.4463	1.7066
211.227	2.005
215.2195	1.7813
220.2854	2.1836
249.6127	2.5462
261.2043	1.8941
292.4742	1.1152
252.7473	0.5971
235.2791	1.7161
203.7317	1.8992
186.1088	1.4256
167.8716	1.6673
172.2006	0.9039
185.4938	1.253
148.661	0.6962
104.8443	1.7698
113.7431	2.6747
113.7764	2.797
105.917	2.5455
120.2883	2.6692
149.4076	3.4905
232.0019	0.9201
326.2606	1.2419
13.8226	2.0486
27.1212	3.0671
40.2081	2.4417
71.2003	1.8716
75.6781	1.309
55.782	1.0476
348.7102	0.4542
332.93	1.4436
351.7335	1.8295
0.3486	2.0401
14.5938	1.9539
17.9522	1.5741
14.1491	1.7863
0.3366	2.538
2.1943	2.1321
352.6885	2.4397
357.322	2.5598
10.2509	3.8591
6.702	2.2281
33.669	1.7401
99.2233	1.0171
155.2095	2.9926
140.1984	2.0054
155.1601	2.2591
152.7897	2.6029
166.114	2.988
176.9418	2.861
177.4445	2.9272
188.1975	2.7981
182.9658	2.484
175.979	1.9121
194.739	1.3775
195.8318	0.288
252.6111	1.1356
248.9068	2.0361
208.0873	2.2759
186.946	1.9833
176.1288	2.4088
176.8163	3.0053
174.2088	3.1181
173.4888	3.1112
182.3569	3.1339
179.6599	2.2114
178.211	2.9921
151.6811	2.0081
182.2111	1.8053
147.5493	2.1377
172.4916	1.4739
159.2386	1.5106
200.3037	1.2629
230.179	1.3129
268.6871	1.3263
275.4858	1.469
320.7317	1.2989
337.2899	1.3107
18.0069	1.2301
95.7564	0.7889
130.7591	2.2628
146.4181	1.7112
147.0442	1.0565
141.1712	1.2786
203.6405	0.801
224.6654	0.4863
253.4464	0.5387
257.0708	0.8948
265.927	1.114
246.7381	1.6468
252.3652	1.024
242.4767	1.3813
215.9547	1.6196
208.8467	1.5472
201.4496	1.4647
192.7781	1.6684
185.7781	2.159
175.0166	1.9666
165.5585	2.5907
166.0547	2.5255
177.3316	2.5965
187.294	2.4624
187.8914	2.1549
174.8459	2.2829
167.9287	2.4206
165.4047	3.3639
176.4626	2.9596
175.8934	2.6795
181.6186	2.8068
187.357	3.0879
182.3675	2.9298
173.4397	3.1661
180.4686	3.4555
185.9894	3.8613
196.1523	3.544
203.2837	3.6107
212.2277	4.5069
205.6405	3.582
205.9212	3.0855
211.8488	2.9381
224.6973	3.9188
234.2562	2.898
251.5166	2.4857
289.4844	1.8565
295.2596	2.0551
277.4631	1.5183
282.5171	1.3944
293.3382	2.5866
298.0277	1.9508
287.2735	2.0854
289.2917	2.3427
305.4831	2.3807
340.2534	3.3606
343.544	2.6579
332.9546	1.9289
310.7599	1.9173
268.2721	2.5573
244.8325	3.0522
255.4224	3.5242
276.1878	3.941
288.6985	5.4906
285.7229	3.6293
285.2391	2.4304
278.288	1.6817
225.0278	1.5394
208.7741	1.9652
192.1982	1.4796
188.4032	1.6803
195.624	2.0484
207.051	1.9623
205.0551	1.2176
184.0471	1.4065
193.0109	1.3569
197.8891	1.7298
193.3902	1.2991
162.3944	1.0107
162.3722	1.0425
181.2606	1.6576
174.7762	1.0769
170.1668	1.1236
197.8197	1.432
198.5527	1.5668
227.4584	1.1967
238.0091	0.9184
240.9507	1.4274
242.1298	1.4192
250.6758	1.2017
180.2486	0.8393
182.3595	1.3624
186.9355	2.004
185.8892	1.7812
189.8021	1.8133
193.9455	2.073
199.6243	2.2971
196.3537	1.8339
193.5578	1.8572
198.1931	2.1601
196.5859	1.9677
198.3703	1.8637
203.0746	2.1213
209.5268	2.0172
241.0686	1.9789
271.0273	2.2843
281.6928	1.749
301.8857	2.6465
310.5544	2.3998
329.543	2.1632
343.851	2.0015
344.4412	3.2327
347.0011	2.4289
347.3625	2.396
359.5581	1.9527
1.2465	1.8827
61.8317	0.7349
147.4803	1.4666
134.2416	1.5364
162.4833	2.8721
181.4114	2.1035
181.7635	1.8691
179.5485	1.8924
200.1877	1.8695
212.569	1.8871
236.4837	1.3725
230.5109	1.6871
225.1544	1.8092
223.084	1.8941
237.6141	1.4759
224.9504	1.6409
207.009	2.2103
204.3086	2.1983
193.7964	2.3448
181.6371	2.1881
190.5762	3.2973
203.2051	2.6416
241.9412	2.1891
279.9583	1.7621
281.5721	2.6511
309.1819	2.9046
303.114	2.455
307.1951	1.6377
320.8862	2.4072
313.0046	2.5572
318.2479	2.3534
328.9387	2.2103
335.5222	2.7549
311.7894	2.7613
327.3785	2.5999
339.8267	1.8967
328.021	3.2319
316.2556	2.4435
316.6634	1.8868
332.9354	1.7544
321.3598	2.2857
317.0177	2.1898
332.1354	2.0644
348.1467	1.5706
129.1071	1.8419
166.3528	2.1334
164.7314	1.7814
147.483	1.3838
157.5187	2.9614
184.7261	2.5819
178.1116	2.3041
173.9275	2.3603
178.9424	3.7268
181.7773	3.8908
177.6012	3.2547
177.1991	2.7512
179.6353	2.3425
229.4519	1.2872
301.721	2.5298
292.6902	3.7699
290.6013	10.1172
255.1819	6.5249
233.7584	6.9265
209.7653	5.3279
226.8366	9.0795
208.8717	4.889
189.7897	4.0693
182.2487	3.4756
195.4656	6.6316
199.7765	4.0654
199.5658	3.4245
202.8144	2.5086
217.3326	3.7479
235.744	2.9727
227.4988	1.9286
230.7791	1.5204
234.4224	2.4848
247.6809	2.7339
244.9672	1.7769
274.972	1.2145
298.0923	1.5956
341.1511	0.6341
268.2776	0.3424
114.8069	1.3741
143.1	3.5814
162.3201	3.2928
164.8029	2.1421
167.0928	4.1495
182.0946	3.985
183.4576	3.9886
168.7087	2.7786
152.1326	2.918
140.4205	4.4238
144.313	4.54
137.4041	2.4375
121.9234	2.6798
135.4051	3.2254
158.395	2.4795
167.0619	1.1885
174.4479	1.7841
191.8274	3.3183
199.2069	3.435
194.0141	2.869
191.1642	2.8604
195.0852	4.6657
188.9622	3.436
191.7092	2.9839
176.5114	2.8074
180.2246	4.0246
184.5922	3.6686
188.0485	2.3399
173.5818	1.4037
207.3407	1.55
222.1019	2.065
220.6659	1.7205
240.1552	1.5451
225.2673	2.2547
236.7967	3.3492
231.432	2.003
240.3361	2.5475
239.9556	2.5614
244.3625	3.7535
210.649	1.8381
197.9574	1.4468
202.5951	2.6542
226.5059	2.6954
221.3916	1.9579
214.6184	2.4533
205.9338	3.226
198.1284	3.1262
182.7604	2.1797
177.3422	2.2837
188.6184	2.9196
213.3635	2.7289
202.6931	1.7102
189.0757	1.1043
218.1283	2.0984
243.3745	2.2942
249.4155	1.754
262.6317	1.5219
270.5264	2.8721
297.0253	3.6638
309.5699	2.5889
320.29	1.8989
323.5789	2.6077
323.9112	2.8901
332.6958	1.9883
343.0094	1.9172
339.8342	3.9818
339.0606	4.42
345.2761	2.7083
345.0666	3.092
350.9151	4.2645
8.9166	4.6058
342.4349	3.1617
347.0052	3.3007
358.3413	3.306
351.3926	2.9734
341.1091	1.4648
321.3772	0.5489
292.9604	1.7613
286.9485	3.0497
283.3194	2.7075
268.9648	2.9891
288.3421	4.1071
302.1619	3.873
318.1587	2.1995
308.0341	2.3937
303.2651	1.7142
264.6298	2.0962
260.7134	1.8602
298.8276	0.8456
319.9714	2.1531
334.5108	2.82
338.7911	2.2341
331.1761	1.8222
336.472	2.8103
326.1363	2.1234
353.2665	1.2696
66.8253	1.4701
135.9103	2.287
151.1712	1.6129
134.3478	1.0267
105.2432	0.8264
105.9065	0.2685
301.5885	1.5821
306.6118	2.1773
310.8084	1.5802
301.4197	3.1501
289.806	3.4704
287.4383	3.2298
286.8187	3.0517
284.0062	3.5902
293.2165	3.6087
312.3256	2.6447
320.2307	2.3143
333.165	2.5689
328.669	2.4107
348.575	1.7584
28.2558	0.8319
232.3045	1.5977
286.6528	1.8488
272.0848	1.7335
252.7985	1.5961
269.8824	1.5868
230.688	2.2113
275.8301	1.7485
25.9227	0.4438
84.9962	2.0594
119.3346	3.0822
72.5517	2.6516
70.5505	3.5481
94.5433	5.6036
121.5951	5.0743
124.5254	1.8309
357.2994	0.7361
226.2968	0.6279
141.0789	3.3796
132.6531	2.8277
115.4208	3.2215
102.236	3.6969
100.9775	2.5473
335.9696	2.457
324.9638	2.4308
341.7618	5.3356
351.487	5.6742
338.9435	3.0797
357.2512	3.8703
54.0032	2.859
62.2947	1.2476
253.9988	1.2639
312.582	5.1623
343.3652	8.3958
354.4424	2.2223
141.2294	3.0374
156.5892	2.4765
208.2562	2.3343
238.3948	2.5439
236.1311	2.0361
211.0444	1.8322
186.1391	3.2737
188.381	4.0127
183.7578	2.8103
167.2951	3.5915
152.6857	3.5898
138.4933	2.8415
138.3134	1.4629
226.7682	1.1857
210.5875	2.2741
229.3695	3.3188
204.8642	2.4245
182.9587	2.808
176.945	4.4373
169.5118	3.8237
158.6593	3.2323
150.9745	3.0501
157.3688	3.3898
144.1052	2.9958
119.6669	0.976
116.0839	2.6218
62.1215	2.9037
319.2054	1.8307
316.4485	2.3677
332.5189	2.3182
18.9861	3.3688
329.1045	2.1362
276.6689	2.1091
244.4343	2.024
250.5282	2.144
258.7336	1.8322
268.903	1.561
348.6594	1.0092
73.1603	2.278
65.3392	1.5142
10.3442	2.1396
17.5135	1.6609
28.5426	3.0361
4.8312	3.8247
351.5696	2.7043
356.5481	1.542
124.8668	2.6739
175.5184	3.41
211.7469	1.8921
263.5712	1.1868
117.4631	2.2316
88.0883	0.4897
16.1941	2.8437
134.6913	3.0293
165.0283	3.7094
163.2392	5.3942
166.4625	3.8957
96.4203	3.0529
78.0968	6.6925
86.8163	6.3643
94.4736	5.9742
84.4208	5.2118
98.402	9.5158
117.926	4.6467
116.0151	3.6466
125.7222	4.4492
140.3575	6.136
156.3157	5.6818
156.246	3.0841
171.7822	2.5531
165.6553	3.8751
159.0792	2.4729
307.5883	0.25
53.9353	2.2108
99.5495	4.1231
105.4669	3.0171
67.3311	3.0094
65.4554	4.1479
113.7192	6.7027
162.9027	2.7741
310.6277	2.2581
15.2838	3.144
63.1566	4.8962
39.5846	2.7911
31.7186	2.7219
64.192	3.5031
120.1333	4.441
206.5242	3.3183
232.8763	2.596
269.5451	2.4353
287.4937	2.7737
324.4552	2.6166
330.5633	2.1665
351.423	1.4981
76.974	0.5584
258.6483	1.4281
326.0777	1.7174
2.1115	1.1988
351.4854	0.7379
348.5178	1.7336
339.8358	2.1128
2.0584	2.4516
76.4535	2.071
156.2771	1.0836
196.1201	1.4421
220.1227	2.0437
219.2262	2.6841
212.03	3.2858
217.2631	2.8676
204.6258	2.1828
198.8475	2.1838
222.0733	3.0048
243.0838	2.016
238.2015	1.3439
216.4525	1.9716
235.2565	3.5585
246.1564	2.0625
252.5907	1.7186
232.7847	2.367
237.3412	3.3782
256.1781	2.2176
297.4937	1.4175
9.5481	1.7182
13.421	2.0519
359.1147	2.083
12.7718	1.6282
21.2269	2.2397
316.0691	1.4396
296.7059	2.0822
327.4724	1.7665
348.7768	1.225
192.7375	1.8031
202.7452	2.4392
231.2673	2.8309
320.0022	4.2095
348.8779	4.8021
353.3492	3.5496
354.6893	1.9822
10.1899	1.7945
326.8864	1.8256
308.3946	1.6604
326.1421	2.1263
353.4275	1.4907
344.4205	2.3291
339.8957	1.5946
338.0037	2.1769
311.0198	2.2563
173.594	2.0716
172.417	2.7925
193.7833	2.2826
248.463	3.3031
310.1608	3.2388
321.538	1.8008
0.7544	1.3222
10.1761	2.3927
51.6887	2.8483
52.9714	1.0091
227.2665	0.9643
245.8515	2.3364
257.8298	2.6536
270.036	2.0096
312.2195	1.6998
5.8615	1.3164
61.1937	1.8815
32.4076	1.378
4.7196	0.6929
118.1844	0.5707
218.7667	1.5159
237.3893	1.5881
291.8485	2.6521
321.9227	1.4019
299.296	0.9493
282.5943	1.8215
23.0797	1.9603
76.9985	2.4197
112.2158	3.304
89.2818	1.8244
13.4472	1.02
70.2894	2.7253
90.5247	2.276
136.0982	2.5196
74.5557	1.8763
125.5729	2.524
219.5691	1.8911
224.9217	2.6796
217.1964	2.872
205.9162	3.1652
193.7766	2.7062
200.2258	2.12
164.0651	2.5625
155.8132	2.5244
153.5018	1.5536
245.7038	1.8212
265.6011	3.4945
269.2861	4.4551
284.1669	4.4885
266.1606	3.29
284.5296	3.8721
286.3153	4.9138
299.1031	4.715
276.9758	3.6177
282.6297	2.9998
295.5198	4.6081
303.2855	3.4142
336.3624	1.6527
5.9887	0.6833
338.4586	1.7066
351.4395	2.6372
3.1993	2.6838
329.586	1.6776
338.8046	5.1901
348.2092	4.6066
339.9317	2.373
340.5631	1.3812
346.3162	3.2476
339.1436	3.5439
344.1322	1.6262
3.9909	1.0191
291.8085	1.7344
291.6202	0.7589
312.4097	0.3215
161.43	1.268
209.836	2.6651
221.4548	3.4305
209.0262	2.3871
212.2589	2.0898
256.4891	2.4741
261.9529	3.0021
291.2264	2.1516
322.0086	2.7448
337.1255	2.5675
330.7793	3.2972
326.0897	2.8141
336.0751	2.9546
11.7155	4.8424
13.528	4.481
349.4011	4.8519
358.1605	5.1486
57.8631	4.7191
107.6448	2.2202
203.0781	1.8489
211.0969	1.4847
263.8331	2.1723
265.0897	2.5326
261.837	1.5161
256.2136	1.9744
261.2407	2.0174
301.2528	2.0477
301.5631	1.6399
266.5026	0.8523
150.0746	1.5962
139.9449	2.0574
110.5797	1.2256
111.845	1.2496
226.2199	1.2341
265.4704	2.974
253.8686	3.4276
244.6924	4.6865
259.1114	7.1611
272.788	5.5831
248.5926	3.7447
245.4008	2.6426
233.0409	2.1429
222.8001	1.2835
182.3718	2.3641
192.0148	3.4695
200.7931	3.8095
194.8305	2.5833
121.7466	1.7479
124.6326	1.4582
142.6861	3.0388
181.3236	1.9959
223.5242	1.1804
113.9004	1.9512
139.8995	4.2723
167.2162	3.7003
201.0956	3.1516
175.3028	2.7789
158.084	5.9275
141.0734	5.3218
128.337	4.6083
158.3495	4.6495
170.9164	5.8371
142.3085	6.5259
140.3492	5.3426
137.301	4.4063
154.7536	4.9773
169.8066	2.4653
205.5348	0.6367
334.5183	1.2002
17.1446	0.3483
345.6414	1.747
270.7518	2.4322
258.6129	2.7749
266.0497	3.2561
266.6483	3.493
271.0362	2.2925
320.1674	1.7642
7.8514	2.7263
9.2094	1.9725
358.6633	2.1597
15.1808	1.4522
16.4758	1.4704
47.3116	0.5999
344.6493	1.3643
16.8404	1.5294
56.7041	1.6003
60.5279	0.6122
345.9106	1.3678
23.1094	1.408
40.1958	1.8795
48.3227	2.0903
4.9162	2.1308
354.6767	2.2583
359.9235	3.7945
6.4493	5.3041
37.8264	3.5407
60.3484	5.4702
126.8922	5.4329
140.8223	4.878
348.4846	1.5374
335.1135	2.8753
346.5126	3.6458
28.6514	3.219
52.6596	4.6829
43.8834	3.31
82.6043	7.8394
84.6419	5.9588
65.902	2.7176
84.3522	5.2916
91.9393	6.2278
103.6377	5.0277
103.3961	3.1975
102.3417	2.8265
112.1003	2.6848
155.4486	2.0246
358.3152	1.2282
52.0083	1.512
208.4201	2.6818
250.9749	3.524
284.6628	2.7857
319.1045	2.1
343.3171	2.3605
357.7384	2.651
355.3678	2.8064
3.3575	2.9595
14.3055	3.2227
22.0582	2.5118
17.0257	1.7447
30.3792	1.4504
155.7961	2.8239
196.4078	2.9699
207.0645	2.7378
210.9842	2.2929
224.3792	2.3208
176.7963	1.3458
103.6232	1.8888
97.5419	2.9991
113.6073	5.3551
115.9568	3.9722
89.3194	3.4055
94.571	2.9787
107.5847	4.9465
105.667	3.6418
85.904	2.0997
60.6752	1.9937
178.892	1.8967
206.5701	3.9431
194.2451	5.8307
174.9822	5.2697
172.4846	6.9394
162.5914	5.9364
139.8976	3.0619
115.5211	3.5864
126.9508	5.596
119.4439	3.4407
88.7654	2.3671
90.828	3.1112
134.8614	6.2382
130.1836	5.3427
130.9035	5.1597
142.3703	3.1386
147.6119	4.199
128.1779	3.1404
67.6089	2.8984
62.3643	3.4515
71.2118	4.6729
86.8109	4.1138
91.7621	2.9488
86.254	3.08
107.9587	4.6741
110.0285	2.8026
45.4835	3.1018
18.8146	2.3596
34.3687	4.177
108.8696	6.8655
131.9967	4.6491
129.7435	4.1534
117.3385	4.8644
69.3844	5.2846
77.4295	4.0895
64.1734	2.6565
64.5255	2.6487
66.2364	2.7074
89.6501	2.4283
70.9901	2.7201
98.9423	6.2268
174.6233	4.1458
176.065	3.6488
156.5515	3.2215
147.4864	4.4175
129.5061	3.1926
97.4216	2.7129
101.2142	3.0677
121.9036	5.422
128.7656	4.7498
110.9523	5.0966
112.9264	5.976
129.3053	7.4376
125.351	5.6282
109.9312	5.557
131.7413	6.857
153.4239	6.9055
142.2108	6.5104
140.7481	8.2407
156.0286	5.789
160.1002	6.458
149.3876	2.7493
116.6047	2.1153
86.5865	2.0126
84.7536	2.7226
50.4881	1.928
29.6316	2.4268
42.9619	2.8165
64.8225	3.566
90.7732	2.2148
105.7775	0.862
207.6278	0.7165
222.8266	1.9547
230.3355	0.7167
309.5821	1.288
355.6293	1.5038
7.4182	2.3567
39.9964	2.1232
35.7684	1.7768
49.4951	1.655
78.7057	1.1762
23.9482	0.9711
16.7051	1.5414
49.9168	1.9058
71.4251	2.7341
78.5502	2.6411
90.3387	2.251
163.3412	1.5866
217.9257	2.4423
229.0378	2.2014
260.4297	1.9627
284.1317	1.6926
294.0115	2.2984
309.1971	2.344
323.1249	2.3844
343.4032	2.135
1.3836	1.8884
359.1498	1.4238
15.1083	1.1072
356.3775	1.0967
25.1565	1.2647
43.0254	2.17
72.6904	1.4294
92.1991	1.787
102.5723	2.2492
160.9725	1.2353
86.4947	1.3436
81.3501	1.2144
105.8756	1.9441
166.08	1.5081
234.3529	1.597
212.029	1.5784
218.639	2.0001
327.2247	0.9169
3.0907	2.0038
31.4654	1.8263
75.1285	3.9592
49.5	2.8434
38.8283	3.5042
95.9805	4.9546
148.3623	4.3205
167.0006	3.54
178.5005	2.6288
169.811	2.8456
165.5744	4.0529
175.0298	3.0261
158.6182	2.6921
142.497	1.7938
149.1096	2.9785
188.2929	1.037
251.6721	0.798
311.5726	1.2883
312.6885	3.1489
306.4487	3.4634
312.2902	3.7531
308.4743	4.0809
320.2253	5.5202
346.6739	3.3734
15.8612	4.9658
357.7571	3.1473
332.2853	8.0557
319.0082	4.6617
288.5903	3.4663
111.6417	3.6761
102.9565	6.5106
101.6978	6.1169
94.6638	5.8669
95.8215	4.9805
113.3414	6.5222
96.3229	5.0705
73.4339	3.6573
44.5233	2.2708
350.1099	1.6083
310.1074	2.7105
300.9618	3.5152
282.0562	3.1691
278.1547	4.1884
257.8308	2.6467
232.1381	1.9683
213.6862	2.3533
198.2764	3.5125
176.4352	2.8394
167.6898	3.2312
170.0368	3.3919
171.197	3.977
175.1577	3.3129
168.4433	2.8884
172.9914	2.8446
189.9987	3.9214
192.3497	2.3959
206.1524	1.8887
226.8723	1.5606
279.5041	0.8596
341.5426	1.1655
4.4413	1.3306
355.2893	1.313
340.5882	1.6202
333.4086	1.7482
341.0155	1.9295
0.8232	1.8574
355.4891	1.8428
24.2191	1.1462
11.552	1.0633
105.5988	0.4007
249.4174	0.5066
221.0747	1.5592
238.0354	1.3917
238.0903	1.8482
256.2335	1.8442
266.6097	1.6692
298.2948	1.5014
291.0931	0.8663
304.5007	1.5855
304.8615	1.4464
347.3587	1.8117
3.0889	1.4554
16.1838	1.4002
220.1884	0.5475
209.1459	1.7122
216.8298	1.9876
219.6568	2.2152
217.58	2.1133
207.9354	2.1197
210.8477	2.2387
210.9348	1.5132
221.9598	1.2435
276.2703	0.536
58.2334	0.9291
34.1916	1.1872
39.0463	2.1765
40.6497	2.4054
43.0277	2.7378
61.2251	2.9511
80.0928	3.7422
91.1766	4.0001
84.0669	3.92
75.9301	4.1778
80.9541	4.3987
88.5388	4.0491
83.3111	2.9569
59.766	2.2056
14.1103	2.1584
3.5417	2.1416
5.5816	2.6111
9.7339	3.9417
32.6765	2.0327
49.7677	1.7226
121.8114	1.21
189.7891	1.6205
193.4473	1.6497
182.1852	1.6489
155.483	2.2483
150.8911	4.4511
125.7261	2.7099
130.3816	3.4838
134.0882	4.6817
125.3902	5.3972
125.3079	3.1724
128.4388	3.1886
127.3042	2.5612
124.5197	2.5263
121.6578	2.385
109.7794	2.5885
99.8983	2.4769
86.1974	2.8978
87.0683	2.176
92.878	2.2863
118.6006	2.0912
164.564	2.2733
191.8058	1.3589
175.3615	1.208
203.2147	1.0963
240.5755	1.3167
293.1841	1.1288
329.8303	1.1027
333.5344	1.9208
346.3591	2.3847
344.8162	2.3856
352.8769	2.2478
1.6244	2.0112
24.3615	1.8959
33.648	1.3727
71.1802	0.8605
91.4581	0.4439
243.9017	0.7577
252.2611	0.7643
235.1335	0.9724
217.0784	0.6848
198.8462	1.1246
190.3662	1.438
171.1625	2.0224
158.0811	2.8261
152.0456	2.0473
135.1564	1.7506
144.0872	2.3613
151.252	3.2454
160.5685	3.4296
160.3001	2.9465
139.8646	2.9845
130.3104	3.0843
136.4002	3.0918
137.044	2.1744
140.8938	2.9566
143.3518	4.3192
151.5129	3.9302
132.295	2.4156
117.2778	1.8554
115.6755	2.2501
133.3303	2.3916
156.0083	1.9514
171.6319	2.0859
177.0739	2.4099
176.1195	3.0146
180.0231	3.7201
163.8889	3.3273
166.7105	3.0388
159.4966	3.3929
168.4788	2.3184
177.5351	1.9479
194.463	1.2403
224.1174	1.2348
236.5849	0.9255
247.9851	1.1547
230.0373	1.2426
226.5585	1.3937
210.4865	1.3033
209.9944	1.3612
269.7426	1.62
320.92	1.144
34.294	1.1916
79.013	1.1692
113.897	1.2632
128.483	1.9671
142.9356	2.3205
152.8575	2.3563
159.5748	2.4423
156.6092	2.6475
159.5331	2.3732
156.8243	2.1585
152.5207	2.2593
152.2385	1.8773
144.8311	1.7814
164.4539	2.0419
175.5301	1.8074
190.8941	2.5773
176.5317	1.9215
179.0052	2.2152
168.3592	1.9854
175.1278	2.2718
178.2231	1.9998
186.0663	1.9454
187.3255	1.5984
191.3428	1.4299
199.9324	1.6319
198.1672	1.5062
197.8556	1.6899
186.4979	1.9207
194.5347	1.8158
187.3443	1.9237
193.9919	1.625
198.2528	1.5313
199.5109	1.5279
208.5461	1.3964
213.8285	0.6686
233.0562	1.4992
262.7352	0.9435
248.6444	1.1237
279.7463	0.8859
219.7745	0.1167
138.1593	0.355
199.1067	0.9377
225.7856	0.5263
283.8442	1.3638
312.2021	1.7124
348.3885	2.1719
18.3899	2.351
56.1349	2.1634
109.9867	1.6382
194.3281	1.1105
262.8319	1.6568
289.4263	1.4192
300.4188	1.6299
297.426	1.2844
177.5015	0.6776
175.8376	1.921
177.4951	2.9291
181.9507	3.3774
186.7909	3.4706
197.5945	3.0857
188.1668	2.6629
182.7782	2.4896
154.7189	2.4662
157.6113	2.3351
150.5667	1.6807
213.5128	1.4658
243.0941	3.2014
258.7796	2.8337
221.3437	2.0856
214.4637	2.2397
209.09	3.0589
202.7831	2.6372
208.0173	3.1645
195.9154	3.987
210.8012	3.4109
220.9717	3.5497
217.2307	3.3415
209.1906	3.6075
200.188	4.1306
196.4227	4.6823
197.6924	3.1913
196.8379	2.7582
195.8857	2.5734
199.8696	2.9133
198.3754	2.7008
159.001	2.8046
141.1171	2.8782
124.3872	3.0766
117.476	3.1508
111.0418	2.3319
89.1486	1.5729
315.6802	1.1696
264.7377	1.3283
239.7312	2.0727
177.7322	1.0531
205.0383	1.7925
227.9095	1.1194
241.2042	2.4641
265.8063	1.9888
223.3158	2.5346
193.9569	2.524
189.6846	2.3611
197.5464	1.9293
205.7208	2.0062
203.9412	2.1051
230.426	2.0887
282.5768	1.7709
298.4627	1.9624
301.7132	1.7046
288.2848	2.0826
305.5085	2.3109
316.5043	2.5096
314.6557	2.4022
298.6519	2.377
296.4581	2.1375
299.008	2.8984
287.6159	3.014
278.5096	3.5226
278.5095	2.8776
280.2128	2.9399
286.9511	1.9826
288.0079	2.0339
270.9264	1.228
265.7585	1.5317
223.6037	1.9257
214.3912	2.1093
214.1172	2.7336
226.9237	2.7604
247.6143	2.2895
287.0479	2.9965
294.6675	2.1627
314.6816	2.3511
326.3889	2.3102
303.2927	2.8882
286.1368	2.9095
238.0815	4.8249
283.8543	6.1949
318.8512	6.906
305.1724	4.7007
245.1888	2.4466
149.2164	2.5465
147.4052	2.3379
208.0119	2.8901
207.3581	3.9544
204.6507	4.8361
233.6113	5.0816
284.8595	6.3368
318.479	10.3128
331.3473	8.6958
340.1317	6.3948
2.3974	4.2971
350.8894	2.6436
326.629	2.3496
314.9092	3.4768
321.7249	3.9855
11.2613	5.3566
328.3409	3.8104
334.164	10.0386
355.6594	11.0559
357.9505	10.5175
7.0494	7.445
359.3165	5.0911
341.565	4.0644
349.73	4.7054
353.3643	5.3547
359.8184	5.7635
358.0202	5.8684
2.0512	6.8264
7.5074	6.9768
37.2732	4.9894
125.5257	2.4966
190.2238	1.4598
158.2432	1.589
170.0209	1.5541
244.7831	1.2211
38.2856	0.5585
111.4349	0.9218
127.6849	1.6063
149.8556	1.9878
153.8059	1.9818
171.4141	2.0357
170.893	2.0396
176.9762	1.4799
166.4076	1.3752
95.5367	1.247
100.8538	1.7863
100.1513	2.3132
