265.6814	3.0848
272.4442	3.3693
279.3933	2.8807
271.1745	1.8726
139.3099	0.9689
114.8448	2.6564
106.838	3.1471
99.4816	2.8038
102.3827	2.8391
99.6679	2.4263
101.9093	2.4686
106.2963	2.4282
104.657	2.6146
105.9626	2.8498
109.9062	3.4079
112.177	3.6369
110.4602	4.5536
111.1524	4.5865
102.5827	4.289
104.6208	4.0536
100.2389	3.7895
99.3648	3.8086
101.7563	3.3887
113.0941	2.6048
103.7107	1.9698
58.5229	1.2708
0.3692	1.2827
317.1544	1.6517
310.1896	1.5032
298.6013	1.9978
299.4472	1.809
287.0935	1.274
71.6721	0.6482
107.5888	3.6531
121.0936	4.7998
130.391	3.7059
136.442	2.8413
129.7313	1.8483
128.2321	1.6235
143.5177	1.5773
140.8339	0.9638
86.2586	0.3443
335.8432	2.4771
319.9064	3.0924
26.0893	0.7947
112.57	3.5715
127.7774	6.5265
133.9415	3.1993
230.4172	1.2421
259.5729	1.1122
120.1048	3.0447
127.7745	2.936
116.847	2.4784
112.8848	2.1448
103.918	2.0425
98.628	1.2369
47.6276	1.6851
78.6279	1.566
92.5154	2.9207
91.1791	3.0095
97.2492	3.0663
95.222	2.5776
94.5274	2.8267
83.5244	2.6788
76.5987	2.1292
62.7348	1.0105
65.3622	0.7158
41.1959	0.9933
72.4484	0.9049
68.3119	0.7334
96.6535	1.8651
100.6409	2.383
114.4681	2.5781
99.9585	1.9869
101.1609	2.5621
93.7902	2.6839
106.6049	3.0728
95.9403	2.5762
95.3153	2.6244
88.4327	2.0191
34.7033	1.5453
288.2357	1.6651
218.7962	2.133
131.0306	2.5138
96.3842	3.7958
100.8934	3.6446
126.7916	3.4148
108.536	2.4274
68.2251	1.8157
354.87	1.6486
318.4146	1.7247
268.1342	2.0498
255.4848	1.9484
259.3659	1.3786
276.8371	1.6019
273.7235	2.472
292.4332	3.5231
281.1916	2.0104
160.5519	0.9493
107.3304	2.6838
118.9796	2.7555
118.7828	2.328
117.2216	2.9101
112.4975	3.3318
119.6471	4.0949
122.2187	5.0163
111.3649	5.1323
110.1371	4.2483
101.1838	3.5741
98.5148	2.3732
97.0173	2.3172
81.9677	2.0058
95.6822	1.9152
94.7611	1.1363
92.1818	2.3072
90.8607	2.4594
94.0163	2.7497
93.9129	2.429
105.6935	3.7889
100.6325	3.7852
112.9195	3.7375
112.4257	2.8146
112.4363	2.8279
119.9297	2.2967
117.9979	3.0209
108.552	3.291
115.706	4.9109
115.9745	5.5871
113.0555	4.9558
111.2288	4.9705
110.8648	4.3746
112.5747	3.9198
112.1564	3.5302
112.5194	3.0833
116.2925	3.4544
111.0786	3.6596
93.9961	3.0345
102.7686	2.3854
96.3392	2.2873
92.8651	2.5089
93.2143	2.5997
89.5334	2.0995
96.621	1.9496
81.0365	1.7252
113.4876	1.6163
106.1197	1.6289
100.6956	1.6759
106.1627	2.4843
102.6752	2.6582
93.7592	2.7653
110.0942	3.2631
132.4134	1.9443
119.8611	1.803
96.392	2.1588
111.5204	2.1041
295.9212	0.2119
280.3592	0.1002
164.9916	1.291
139.1568	1.9319
115.9082	4.178
113.2025	4.5137
113.5194	4.1242
104.3752	3.6442
106.4613	3.5194
113.1484	3.4761
108.6172	2.9732
105.92	3.0367
96.7661	2.5568
117.1829	2.4253
116.0046	1.7187
118.7676	3.2979
113.3694	3.2762
118.1639	3.1406
117.8682	1.6018
189.8368	1.505
133.7483	1.1818
93.1626	2.1121
75.532	1.3611
118.3522	2.238
120.4104	2.2225
110.6973	2.5426
102.1289	2.215
119.1498	2.4988
99.1022	2.7453
114.3573	2.607
158.0811	0.848
279.0129	1.3532
286.1611	2.0987
264.8702	1.771
271.7312	1.2399
315.667	1.61
78.2499	1.8979
80.0159	2.5891
94.8397	2.0349
104.0719	2.9805
105.6192	2.86
107.2343	3.1674
104.0703	2.1861
111.0398	2.5819
98.1557	2.3451
98.759	2.2431
60.049	0.4353
330.3839	1.1614
282.73	1.8162
261.614	1.9195
274.8794	2.4443
278.8807	3.5011
273.734	3.6586
245.7909	2.1878
128.5531	2.0052
116.611	3.3139
99.4564	3.2922
90.6027	3.0547
66.1706	1.8394
39.0759	2.2787
346.0531	2.1738
298.9482	2.4412
290.9572	1.982
256.5397	0.6684
261.962	0.7632
86.9553	0.9596
2.9516	0.7265
323.8691	0.8681
107.1214	1.8405
103.9336	0.8459
325.8012	2.159
287.8904	3.1782
280.709	3.4355
276.9228	3.4907
277.9347	3.4488
282.1727	3.4989
274.8817	3.4153
273.5912	3.6945
280.195	3.199
257.5089	2.1166
251.4751	0.8852
87.5505	2.2925
27.6294	1.1429
337.064	1.8959
211.956	1.5988
127.2909	2.4006
142.0758	1.593
132.6664	2.2867
126.884	2.5978
114.8182	2.3605
118.2334	1.6035
128.7698	2.0696
94.6037	1.8437
48.0075	1.7299
342.8752	0.7453
21.3951	2.376
57.5193	1.3525
30.9931	2.2644
326.212	0.8505
9.2667	2.0849
237.5176	0.9837
218.948	0.1836
209.5479	0.5935
200.3069	1.0782
137.7637	2.4506
125.9736	2.7929
130.3048	1.8167
134.2039	3.1914
115.6398	3.3235
118.206	3.3008
112.5195	2.717
124.2929	3.4328
103.978	3.2874
94.8578	2.9146
88.9349	2.6522
102.2996	3.0257
89.9561	2.9915
83.7461	3.1658
80.4787	2.5391
82.8357	2.6213
70.8455	2.328
79.1996	1.9737
345.0262	1.185
339.4279	2.1101
318.5669	1.2877
294.4348	1.0122
285.6188	0.9372
260.1824	1.7579
237.5595	1.1015
42.0678	0.9704
345.6573	0.3626
141.4059	1.6527
113.8943	2.3817
104.719	3.2827
119.3029	3.4481
117.1664	3.7939
113.4247	3.7326
112.1753	3.8548
120.4955	3.5892
120.6318	4.4694
109.1073	4.4228
102.252	3.9347
111.7815	3.4527
111.8577	3.6287
106.9356	3.5316
103.7303	3.1366
101.0945	2.4176
104.6719	2.4249
92.6998	2.8824
96.1056	3.1523
100.8564	3.1862
108.1321	3.3907
105.3548	3.2686
105.4096	3.3255
107.268	2.8896
115.285	3.52
108.0082	3.4845
122.2625	3.7409
128.4524	3.6578
119.5997	3.4882
112.9238	4.5869
109.7332	5.0876
112.0317	5.0761
119.9491	4.7636
129.7676	5.1238
127.3342	5.8262
124.2522	6.3656
129.3386	5.849
124.0059	5.8468
124.7172	5.818
120.1726	5.4242
125.7494	4.4823
115.0037	4.7826
111.0685	5.076
113.4965	5.1766
131.0885	2.4965
99.899	1.9406
157.2773	1.7869
107.2681	2.4201
153.2264	2.1714
122.7842	1.2973
161.857	1.8696
162.7919	1.2438
113.8877	2.5309
127.8578	3.2665
164.9669	3.6258
256.5504	2.0892
12.3211	2.2485
64.4379	1.9093
67.2576	0.9486
237.3167	1.0918
52.2037	0.7059
103.8065	2.3619
94.2911	2.9672
89.4849	2.9928
93.1349	3.0546
81.9155	2.5759
95.7566	2.4496
105.7923	2.1534
124.2005	2.3037
108.0219	2.2508
107.9999	2.3739
130.7344	2.0779
169.3436	1.2479
97.9635	1.5571
113.7639	2.0767
126.8571	1.7848
139.2336	2.0423
114.1339	2.5256
113.6268	2.982
113.5569	2.958
115.5267	1.9153
98.7504	0.6686
22.8665	0.5731
302.1655	1.7627
281.0017	3.2977
287.3432	3.7949
286.0465	3.1444
271.0411	3.7829
264.9937	2.8665
273.6919	2.4298
279.9983	1.8072
277.853	1.9172
217.6406	2.6982
188.0513	1.736
165.9943	1.4009
162.0313	2.1022
146.1071	2.4467
123.5353	2.9027
116.7967	3.1292
128.5207	3.1231
129.3654	3.5207
122.893	4.074
122.6716	4.2274
128.147	4.3951
128.5493	4.1166
115.0163	3.9414
120.0091	3.6848
127.685	3.3873
123.0913	3.412
112.9992	3.4226
120.6786	3.2557
133.7691	2.7366
131.0653	2.7329
101.8591	3.0967
115.8304	3.2204
123.5386	3.1078
124.393	3.1796
98.0729	3.4958
112.3209	3.8568
119.7278	3.7205
121.002	3.4224
98.9809	3.459
114.9296	3.2367
127.0198	3.236
149.155	2.308
113.0768	2.6137
118.5757	2.764
144.7585	2.5739
170.1656	1.4648
260.5069	1.4348
269.7996	3.8416
289.8976	4.5126
255.7779	3.0001
272.6207	2.8754
263.0488	1.8161
280.4398	2.3271
204.4132	2.0301
207.2112	1.5484
219.5494	1.2869
300.7271	1.8579
246.2576	2.0394
254.2501	2.5007
241.4918	1.8161
300.2695	3.2899
241.9751	3.0781
277.881	2.364
275.2042	1.7698
287.8529	2.5218
217.4263	2.5847
255.4967	2.4525
237.012	1.021
36.1746	0.9646
131.3655	3.9696
136.1395	3.8249
143.2225	3.6542
140.3522	3.7426
133.9771	3.2055
106.93	3.5429
120.0127	3.0539
117.0021	3.1541
118.069	2.4558
104.6912	3.0968
116.5153	3.5667
121.5549	4.8365
117.5009	4.294
116.7822	5.0768
131.1296	6.0209
131.1235	7.5116
134.552	5.8083
179.4818	4.1098
161.2307	4.638
181.9514	4.5032
133.1479	2.5897
118.324	2.2385
19.8639	0.5139
347.9365	2.77
308.8929	2.5893
322.374	3.7424
314.9245	4.7443
339.0404	5.3975
296.9085	3.4377
8.58	1.9661
84.0139	2.6946
64.7405	2.5834
203.1361	2.5173
196.6866	3.5453
77.8066	3.1224
99.3968	4.0996
127.8285	2.1159
105.4221	2.2894
110.9898	1.9874
105.571	3.3574
76.1355	1.243
72.5923	2.4537
38.6533	0.9563
47.6095	2.3286
317.4887	1.6047
354.0064	2.3536
355.3112	1.6932
2.4469	2.3082
332.4469	3.363
335.0462	2.9898
337.2077	2.385
330.8049	2.9332
298.2033	3.5826
306.9314	2.9069
302.1562	3.1012
308.8718	3.7527
294.9668	2.5148
255.3626	2.7498
228.6887	2.5376
213.1626	2.7979
174.8182	2.8279
167.227	2.0737
269.5154	0.451
172.8053	2.2569
195.0289	1.7893
140.8845	1.8851
145.2897	0.8838
122.3437	1.1757
249.7698	2.609
272.0883	2.2875
284.6479	3.6765
343.3137	3.6015
4.2086	0.9101
357.8778	1.2933
305.1309	3.2141
312.0774	5.0221
291.1084	4.1417
267.7785	3.6697
38.9991	3.8316
78.5199	4.9976
344.1999	1.181
312.6756	3.7013
311.0093	4.9822
343.1973	4.4134
85.5448	2.343
147.9913	1.0916
130.7701	2.6801
146.0063	2.8433
178.1987	2.2002
134.3718	3.5632
126.893	3.8591
155.8575	3.2668
109.5329	1.8497
103.5973	2.1819
89.6805	1.1746
208.4373	0.8529
210.5475	1.3106
139.3949	2.9897
121.5912	2.9456
145.6775	4.1058
133.1429	3.1039
113.1313	3.5035
103.6111	3.1148
111.9174	3.2752
121.3947	3.4702
73.0462	1.8599
6.6488	3.0266
357.5199	4.8139
47.2266	3.8327
93.4464	6.5872
95.2863	6.4615
107.6937	6.1598
121.0566	3.5386
167.2927	1.1794
152.8486	1.0405
124.3626	2.0492
158.1615	2.2918
199.3994	1.3142
145.0724	2.1421
131.4299	3.5987
173.5814	2.6917
121.5214	1.784
135.4534	1.015
47.4081	1.3521
89.074	0.8863
104.3522	2.3165
116.3782	0.9117
197.3404	2.0028
123.9591	1.5458
111.88	2.6428
117.9827	2.9467
144.7092	2.9342
143.2825	2.9063
127.4479	3.832
135.1671	3.95
143.4478	4.7816
137.9932	3.7479
117.8596	4.0074
117.6509	4.3922
127.8898	5.7741
133.2144	4.4348
126.5286	3.5607
112.1488	4.1974
105.349	4.7507
161.4032	1.1702
309.7875	2.3236
308.8554	3.4178
302.5891	4.4891
254.1208	4.0738
259.3846	4.3036
255.4739	4.9759
266.3203	7.5282
243.4375	3.5372
192.8328	3.3543
213.801	3.2291
189.2677	3.7256
153.0428	2.9355
146.1365	2.8606
160.8728	2.6785
166.1686	3.0051
130.7042	3.5095
115.3298	3.9714
114.7072	4.2651
115.9635	4.773
119.6565	4.3701
93.4785	3.1742
105.4048	3.4506
123.0264	3.1181
130.1507	1.8882
124.0306	2.2156
130.7911	1.6506
122.0522	1.5988
139.6601	2.547
105.3357	2.3993
91.4865	1.5739
66.0225	1.0941
93.8583	1.2834
27.8926	0.5764
268.2639	0.8895
310.0851	2.5483
258.677	3.2271
287.0283	2.5712
301.6804	3.0089
282.4894	5.2909
309.1859	3.1158
316.5839	1.0478
13.0392	0.5744
296.4419	0.6868
347.6944	2.2415
51.4225	1.8043
77.2604	1.2768
91.2149	0.5465
140.9207	1.7775
113.2482	2.2434
126.6075	1.8797
140.3008	1.0528
157.8308	2.1111
123.5247	3.0925
117.9857	3.3136
117.9735	4.2453
108.2275	2.734
152.4623	3.5348
137.4875	1.5186
198.0016	1.3035
297.9756	1.2946
236.8361	1.3285
165.512	2.7911
167.3511	3.2159
201.0868	3.029
257.1619	3.0224
254.5134	2.2995
205.7557	3.5571
234.1887	2.4212
342.6521	1.8128
102.7169	0.9009
257.6799	1.6052
314.803	1.9323
347.3	2.0674
312.5001	1.5591
330.961	2.887
300.9952	2.5586
357.353	2.6995
351.2067	1.6262
3.4893	1.5413
355.7278	2.0425
139.2516	5.3138
121.6169	5.3903
114.3767	5.0669
91.2741	3.7422
66.0825	2.6022
138.2052	1.0189
172.5259	1.8469
64.9828	1.6024
93.9749	3.2909
97.0902	2.4809
107.2813	3.3578
123.0849	2.6471
121.0368	3.402
115.6467	3.5382
126.2012	3.7595
339.2641	2.5814
29.9556	1.0572
154.4273	3.3803
104.5588	4.214
106.4234	2.8466
64.5058	2.2907
44.4826	1.5441
107.3198	2.8147
104.0063	1.9244
120.5654	1.745
163.9755	0.9639
154.003	2.6743
115.2245	1.571
126.6495	4.7783
119.6731	5.1571
131.7858	3.1073
129.4005	3.5871
105.5734	3.876
107.1562	4.5253
103.9215	3.5205
335.822	2.1586
11.5685	3.4749
333.9084	4.2607
326.6496	5.3417
345.4845	1.5553
68.105	2.3844
125.0833	3.5396
114.2263	3.447
148.7745	1.3671
77.0801	2.0995
206.4163	0.6802
125.8113	2.0944
161.2319	1.6968
207.2148	3.1695
269.7637	1.5978
300.3914	2.8869
299.2499	3.4825
315.811	4.6649
107.1416	5.918
78.2024	5.6724
119.8659	4.4582
100.4402	2.9696
121.5473	2.771
169.9562	1.2498
274.2085	2.9239
270.4461	3.3372
283.3125	2.1319
234.2199	2.7538
231.8678	1.5141
126.7152	3.7931
125.6863	4.472
114.3169	5.6979
90.3466	2.8027
165.7959	3.0176
179.9196	2.005
179.3137	2.5695
223.8754	1.4274
338.3168	1.6932
284.6688	2.1234
18.2426	4.179
147.1474	1.8708
161.7092	2.6304
135.1382	2.5156
118.3731	2.6575
127.0989	1.2103
84.9314	1.8862
102.4362	1.2613
129.2677	1.3081
165.145	1.0092
125.0022	2.5123
144.7798	2.1541
136.1277	4.2891
139.0367	3.8194
110.6552	3.9023
113.5164	4.3153
124.7575	3.7909
125.7161	2.1243
95.4385	2.1277
85.5906	1.3057
97.7871	1.1346
328.2896	1.05
39.0636	2.5865
26.3843	1.3543
5.2005	1.793
314.492	2.1854
28.999	2.979
9.8043	1.3413
353.8774	2.633
328.6312	2.1473
13.8963	1.838
293.6062	0.0427
228.8532	0.3034
316.2473	2.0227
294.1482	2.4291
274.0934	0.6362
37.6294	2.2463
123.7241	1.3236
126.2209	2.8901
101.1704	0.3541
98.1889	1.2365
168.6662	2.2208
239.8791	2.3321
232.5386	1.758
253.6026	1.8708
289.7914	2.1975
299.4592	2.6167
314.1981	2.109
9.3847	3.7838
341.4847	2.9281
11.2458	3.2513
18.0671	2.9889
355.8227	4.1024
334.4837	1.5496
72.9226	3.6102
55.4349	3.6325
82.1033	4.939
107.4145	2.8586
98.0815	3.0445
90.644	2.3647
116.7504	4.5561
81.5174	2.7369
107.6973	2.8332
117.3314	2.1189
132.0706	2.3596
148.3853	1.6783
136.6788	2.2411
134.588	1.8369
148.6839	1.8021
174.0708	2.5597
149.8116	2.3646
224.7063	2.7294
212.1576	3.7762
185.5898	2.5278
152.0513	2.6381
181.1098	1.2616
176.4461	2.3198
212.4919	1.9775
80.9115	1.4369
118.0879	1.4818
134.3401	1.8411
30.3678	0.2118
38.1951	1.6424
44.5806	0.9212
346.7379	1.5743
341.7468	2.1804
33.8159	2.3417
67.8726	0.6016
140.2894	2.0939
160.9259	3.5616
143.9652	3.2642
107.2001	3.0921
120.4546	3.8879
122.6797	2.5291
107.3299	2.6081
98.5099	2.9448
139.3125	3.651
163.3531	1.9363
84.5631	2.0537
184.0774	1.0735
211.9019	1.9689
227.9588	2.655
259.6523	1.7471
253.4342	1.8725
304.4149	1.5074
256.46	1.3427
312.8952	1.4542
335.5006	3.4405
330.1623	3.2166
294.6925	1.9287
309.0302	3.0196
311.9141	3.1817
328.4617	5.0049
299.4846	3.0839
290.0754	3.1856
344.8513	3.278
10.5814	2.5819
299.1174	1.3405
100.2537	0.7149
28.1886	4.1639
20.6815	5.148
36.4487	2.0899
324.6989	2.7383
358.8545	2.6329
311.8218	1.0792
161.6332	1.5588
28.7296	2.9833
74.53	3.3322
82.7466	3.825
94.2253	0.9083
275.1769	1.7545
307.4224	1.2588
302.4789	1.9795
276.3158	2.9464
270.0752	2.4511
248.7866	1.4969
227.3571	1.4074
253.4902	1.3863
86.3507	1.3125
124.7407	3.8922
134.4137	3.4357
133.9064	3.8325
102.6591	2.974
106.1962	3.4076
121.8258	3.0518
112.3247	2.5933
119.9567	2.5235
123.8313	2.7067
166.1323	2.6623
162.0927	2.6933
180.0362	3.0425
178.6614	2.5041
213.2449	3.2482
201.3792	2.9681
194.9111	2.3465
179.3382	1.7003
189.2873	1.8531
103.1909	0.4174
155.0889	2.177
170.4404	1.157
252.1769	0.8675
340.9036	1.8789
27.293	1.2686
20.9953	1.3431
300.8308	1.6717
59.3209	1.2943
309.6263	1.9493
287.3994	0.6817
323.9049	1.3668
307.058	2.379
48.9149	2.0852
285.5465	1.0871
304.6642	2.9069
326.5884	1.5053
27.3961	1.3198
88.7666	3.58
129.4804	4.3603
110.3147	4.7959
90.6169	3.6718
88.1107	3.7689
122.3174	1.6453
145.5157	1.1082
144.3301	1.8493
142.3848	1.5307
144.7157	1.2503
72.5104	1.509
68.232	1.969
52.6322	1.6144
24.7798	1.982
318.372	2.1025
333.5762	2.2934
330.0035	2.4168
325.5781	3.3682
312.2357	3.148
35.575	1.7501
96.3035	3.4498
82.2834	3.7606
100.2181	3.9829
102.4219	4.6474
99.3523	5.1427
100.701	4.2466
108.688	2.4436
72.5377	2.5777
94.5252	2.4316
141.0248	2.0637
231.3097	1.0823
158.5977	1.1908
153.6854	1.0337
194.8571	1.1497
0.5175	1.256
102.6633	1.0887
337.4419	0.3837
305.9705	2.0296
358.8672	1.0682
306.8177	1.6286
229.1004	0.9386
274.6982	2.3486
250.3018	1.6657
312.8815	1.7372
336.7921	1.6422
292.7012	3.5878
282.2683	2.3563
302.3453	2.1715
307.6671	2.1311
294.9566	3.6439
278.8941	2.5167
321.7653	1.6089
317.2037	0.8193
291.495	1.8963
297.1098	1.7258
51.9786	2.6647
79.8092	2.4272
113.6416	2.5566
141.6061	3.9488
136.0916	3.4096
262.5461	1.9125
233.5088	2.2256
216.9958	2.015
64.2134	1.0242
111.6492	1.4215
115.9811	2.0581
153.9456	2.8797
149.7394	2.4996
182.4927	2.0873
236.3877	2.6237
236.4588	2.3563
259.6567	1.7179
203.1994	0.6527
187.1713	1.0081
275.5417	2.0303
336.3158	1.7302
294.7898	1.3857
288.7984	2.5376
282.5516	2.0195
352.8574	2.5558
326.2125	1.1117
312.787	2.6315
313.1176	3.9477
336.9475	3.5183
349.4303	2.5773
2.6072	3.4738
344.7489	3.6285
21.405	2.8898
124.1655	3.769
114.3611	4.1761
118.2924	3.7195
115.0215	4.0469
118.137	6.4286
125.1365	5.8544
126.3473	4.0884
111.3099	3.2993
108.9182	2.8545
67.0705	0.9612
309.7922	1.9786
288.8797	3.1517
282.722	2.6367
297.362	3.1382
298.8275	3.4424
312.1395	3.2471
312.9098	2.913
165.6724	0.7621
123.529	2.9698
129.0914	2.0268
156.7779	1.8479
202.1935	1.7101
161.3699	2.8541
156.6285	3.1401
163.0865	3.1112
299.8095	2.0515
279.5949	3.2837
293.7096	2.6463
313.5604	2.7164
91.063	1.3328
104.0757	3.3533
100.231	2.9609
85.8217	2.5386
65.9773	2.1241
17.6677	1.7839
334.1537	2.1834
324.6927	2.6723
345.0153	4.3202
1.235	2.5823
41.6465	2.6554
24.0552	2.4275
348.9805	2.182
319.4865	1.2869
127.6742	1.113
83.5013	1.9367
81.0873	1.2249
83.4389	2.4221
79.197	2.1006
48.0456	1.681
98.0194	2.3609
121.0658	2.7002
123.917	2.5193
136.882	2.7612
134.7525	2.2372
35.6466	1.0327
67.6232	1.9846
96.2756	2.2258
134.0698	4.2395
139.0115	3.9554
107.5552	2.486
77.0179	1.6134
99.3842	0.8168
315.4356	1.1374
129.0315	3.2605
120.7705	4.4805
128.3921	4.543
127.0902	4.3049
125.1297	4.6866
123.0638	5.7108
120.8021	5.098
118.069	4.6277
112.4021	4.4642
107.8987	4.0212
109.297	3.439
113.7164	2.3438
91.6023	2.1552
109.2329	2.4162
111.0567	2.5609
100.4095	1.5975
86.7083	1.0939
141.0946	0.678
226.4847	1.3721
192.1638	2.211
175.0598	2.1762
166.7302	1.9066
168.0722	0.8517
295.8687	1.2277
19.8259	1.3343
350.5745	1.1606
330.327	2.0592
332.2507	2.593
336.0138	2.4179
344.3059	2.5378
341.9887	2.4531
50.0382	0.9695
127.8102	2.7767
130.4753	3.8427
119.5846	3.8092
103.5193	2.3993
84.7831	3.1313
83.2506	3.0871
116.953	3.8495
61.7446	1.5538
38.4206	1.887
10.5565	2.4392
327.9897	2.5271
298.023	2.9041
284.0521	2.5736
248.3659	3.1709
233.7258	4.6457
224.4832	3.6279
215.8229	2.9839
209.4899	2.3991
207.0322	2.061
136.8245	2.609
134.0386	3.3835
122.2768	3.0691
106.874	3.585
86.4885	2.7237
100.5849	3.6378
124.5484	4.8214
127.0136	4.5827
105.315	3.1977
95.0523	2.4475
75.2173	2.2046
86.9862	2.4936
51.1331	2.1339
54.1529	1.8261
64.9789	2.5666
101.5885	1.9501
122.7184	3.5729
119.2119	5.472
106.9161	4.3109
117.7604	5.2237
119.2707	4.6322
116.783	4.7658
106.5696	4.4413
127.1835	5.195
123.5901	3.8054
91.8008	2.5831
84.1611	2.7678
92.1875	3.9982
77.9748	3.0606
51.1002	1.9462
11.1233	1.4639
25.7284	1.7969
333.5796	1.8112
318.6139	0.8785
252.241	1.5822
232.7676	1.1616
262.3862	1.6771
283.0919	1.8983
305.3127	1.0727
339.5054	0.4312
178.8444	1.5965
125.5354	2.3085
119.5821	1.9092
113.0547	2.6558
133.6717	1.7857
102.3963	2.2601
151.1301	0.3867
128.0495	0.5383
269.1306	0.7271
286.5309	1.6966
332.4008	0.9795
90.6174	1.3159
145.1075	1.9104
130.1247	1.6173
93.8761	2.5122
100.1737	2.4755
112.5028	2.7261
97.9563	2.7926
73.3787	1.5945
23.0778	2.43
9.6732	2.3281
350.7655	2.7939
337.9159	3.3259
330.591	3.2009
317.5167	3.1707
306.0345	3.1509
295.4956	2.945
294.7768	2.5041
253.519	1.4708
223.0885	1.8527
207.7851	1.981
185.6382	1.7754
144.8739	1.5352
114.6873	2.4334
113.9591	3.0319
93.8173	2.6398
55.4395	1.3684
45.1173	1.5761
31.5476	1.8749
24.6006	1.0883
62.929	2.6065
63.8037	1.6964
92.1294	1.7812
34.8413	0.5043
38.3439	1.5457
80.7675	1.8761
62.5093	2.1772
118.5382	1.4824
22.3458	0.8519
14.4945	1.1189
16.3281	0.9827
39.1531	0.5726
26.9792	0.961
73.9913	0.9794
133.4957	1.4199
127.7606	2.3255
111.6519	2.6437
90.5178	1.9784
357.5686	1.0117
323.1069	1.9484
296.0734	2.8412
289.4294	2.3637
280.4113	2.8721
273.7515	1.1382
21.3825	1.2465
46.9721	1.6823
342.3456	1.5002
321.6906	2.9047
303.9563	3.1147
298.0932	3.4591
297.054	3.2815
277.8751	3.0519
250.5127	2.4286
259.5567	2.5644
269.7701	4.1323
289.3765	4.4193
106.9127	5.1165
75.5005	3.3208
46.9851	2.6444
330.9216	1.9127
11.8098	2.1881
33.3895	0.7965
240.6545	0.3129
142.829	0.7733
116.7206	1.936
94.8636	2.5029
103.5168	2.524
126.8888	3.208
120.7114	3.5972
113.4843	3.8081
106.7919	4.1029
94.5477	3.9392
87.0333	3.3413
78.4971	2.9312
84.8544	3.094
88.9565	2.3412
94.6683	3.6011
90.5291	3.2789
98.0129	3.2271
98.6326	2.9477
104.3582	3.847
101.3289	3.6071
107.9802	3.1738
108.1107	2.4432
103.4997	1.8588
74.0859	1.2773
57.8906	1.4695
25.8801	0.9434
54.7141	1.6546
70.4493	1.8861
62.9472	1.8305
51.096	0.7466
53.8863	1.7426
19.4884	0.4147
264.3979	1.1084
222.2432	0.5869
138.8932	1.9872
109.9784	2.8452
106.9647	3.9095
101.8741	3.7216
96.617	4.4402
96.8304	3.9069
99.5071	3.6535
100.9846	3.1835
98.9986	3.4191
101.0519	2.8467
107.8207	2.2107
301.1704	0.1249
274.7428	1.6147
249.3593	1.9287
205.3817	1.4595
133.6926	0.2933
73.5917	1.4423
1.5807	2.0348
288.1111	2.5811
270.2547	2.889
276.5644	3.3081
266.3909	2.0246
11.9508	0.4931
101.6964	2.1514
104.0869	2.0619
113.5318	2.5808
103.9674	2.2095
77.2397	1.4499
309.0104	1.7904
271.9257	1.7756
251.6342	0.946
295.6437	1.1014
301.2245	1.6856
279.2212	1.3194
228.1891	1.3696
182.4026	1.6682
137.0311	2.3271
104.4772	2.04
358.9459	2.1784
301.8802	4.1824
298.1052	4.5829
251.1761	1.6506
270.1149	0.5898
127.8436	2.952
124.5193	2.1753
0.6164	1.5611
305.8171	2.3708
279.1383	4.0942
249.3451	2.6185
197.5126	1.9026
194.7762	1.4002
235.8765	0.2325
130.7576	1.5406
106.1988	4.0114
88.4644	3.4627
84.4323	2.5969
102.7534	2.3471
110.4083	2.1854
107.1413	1.9388
122.4342	0.63
23.9035	0.1485
295.4619	2.1647
279.3472	2.7523
270.8675	2.1317
277.093	2.2023
276.6301	2.6439
272.6636	2.3672
260.1539	2.2756
257.8024	1.8102
265.9379	2.319
261.5056	2.2648
264.6077	1.5511
226.3626	0.9155
176.9325	0.7522
110.2592	1.8218
95.758	1.1393
103.3589	1.6273
121.1809	2.363
121.3588	2.6547
130.5845	3.0814
131.2962	4.1641
128.3912	4.0299
126.4154	3.3211
140.1614	2.9486
143.9012	3.2898
334.6522	3.7776
349.9657	1.8143
100.2189	2.2498
118.4855	3.3545
124.4895	3.5657
91.7402	2.5513
74.4654	1.1018
68.9009	1.9117
44.7561	2.0468
4.2559	1.3151
9.7697	1.5038
8.8173	1.5426
341.4524	1.7775
346.3016	1.9863
202.751	0.2452
112.9109	0.8988
143.2495	2.6098
142.5419	2.9213
169.172	2.5288
173.1189	2.5115
177.7708	1.705
288.4315	0.5815
86.7142	0.576
110.6422	1.5658
126.5918	1.9959
123.5577	2.689
116.1275	2.2676
107.4091	2.5372
110.0658	1.9298
114.2618	2.2518
99.5832	1.6148
103.6426	1.1484
111.9255	1.2508
79.6197	1.2782
103.8206	1.2757
108.5722	2.3572
92.8659	2.8451
117.5247	4.1881
111.6535	3.414
113.6959	3.643
101.0974	2.9102
108.8134	2.3533
197.1809	1.4176
249.7016	0.5157
6.0109	1.604
71.5699	1.9924
106.5738	1.3661
144.1878	1.3234
234.7616	0.4358
262.7172	0.5163
328.013	1.0034
20.0233	1.5058
318.2232	2.1959
326.7039	2.217
339.8954	1.2657
110.0544	3.3277
107.5903	3.6466
90.8689	3.4248
40.8871	2.092
337.059	2.6093
282.3477	2.8373
280.0281	2.4439
280.3397	1.7894
266.6468	1.7928
267.7563	1.6716
262.6166	0.8117
272.0414	0.6203
271.9878	0.5143
281.3992	0.8197
297.4335	0.955
283.7693	0.8595
74.6322	0.6812
263.0545	1.0616
221.5634	0.7808
234.5762	0.7537
233.8824	0.8319
182.2881	0.3628
105.3571	1.5441
115.431	2.3952
107.0971	3.2984
100.4472	3.1942
91.3136	2.8629
84.7514	2.202
92.403	2.5319
91.3484	2.4823
100.3087	2.6213
102.3943	1.9967
113.9963	1.8752
111.3779	1.754
114.7642	1.6346
100.286	0.834
130.3347	0.6198
1.5407	0.748
34.7093	0.0861
98.9293	1.3255
65.1094	1.3594
62.1256	0.5991
46.8902	0.4096
319.8696	0.307
301.3622	1.2504
302.9814	1.2455
294.4718	1.3874
277.9598	0.63
177.7346	0.1072
151.5101	0.6735
121.7093	1.3826
92.1948	1.3319
103.4426	2.2423
95.271	2.4812
