259.957	1.245
253.9375	1.1114
269.5389	1.0419
272.366	1.2787
261.3561	1.8815
222.0766	1.1603
81.1261	0.9716
86.3352	2.356
91.456	2.5346
85.076	2.2621
86.7785	2.5374
80.0947	2.2959
78.8681	2.2086
68.7896	0.8522
61.0266	0.645
77.5648	0.3492
80.9119	1.2585
95.575	1.7173
92.1273	2.4536
107.4194	2.3982
98.4579	2.0519
104.1548	1.2502
107.4126	2.2897
97.2133	2.0609
99.0788	1.9611
103.5933	1.0299
110.987	2.4489
105.9373	2.5394
106.1282	2.7918
96.4025	2.303
98.2625	2.5406
90.2129	2.1607
101.174	2.4255
82.7273	1.3329
108.2855	1.6902
100.9184	1.461
96.4806	2.1761
100.8777	1.7105
106.284	2.4906
104.7252	2.4564
107.4951	2.6496
111.8564	1.8902
131.5542	2.0648
148.3427	1.784
131.849	1.4818
16.3837	0.2222
273.6912	1.8282
269.3372	2.9692
274.7162	4.2907
271.5748	3.8555
253.449	2.1107
103.176	1.3076
67.5585	2.1829
14.4669	1.6242
228.3418	0.2416
196.7367	0.6071
35.383	1.476
318.5424	0.8124
320.8515	1.6228
262.9653	1.9764
285.2984	2.2396
302.6286	1.431
295.2019	0.7337
272.67	1.3737
356.4369	1.6933
111.1354	1.7479
104.5383	3.0335
60.759	1.8828
87.7849	1.766
67.7039	0.9496
69.775	1.7602
61.2144	2.0418
58.3008	2.0359
353.8493	1.7955
317.9758	2.2353
296.7639	2.7038
287.7527	3.0251
287.2271	3.2165
294.6106	3.3674
258.1755	1.7332
152.1874	1.1655
107.0436	1.7353
67.3356	1.8741
103.1881	2.9979
58.187	1.3436
309.2852	1.291
287.4701	2.0672
244.7073	1.7257
233.3548	1.3923
261.3934	0.5884
0.0308	1.8579
287.6476	1.4013
236.6103	1.0073
223.5647	0.9474
234.3789	0.5402
218.718	0.7203
184.232	0.7777
162.1644	0.53
143.5563	1.1823
19.2673	0.3183
20.4075	1.5816
349.2017	1.3643
2.7566	2.0472
244.6746	1.2048
28.6093	0.3725
40.9496	1.1164
73.1701	2.125
110.0307	1.6947
118.8045	3.0612
122.4029	4.0865
118.2146	4.4084
119.9017	4.2978
117.4813	3.8868
120.8767	3.3228
119.4736	2.9135
105.9675	2.5535
114.772	1.8802
145.118	0.3629
299.477	0.3024
297.6877	1.0819
234.1097	0.9723
226.9033	0.987
174.7417	1.3785
103.3087	2.0565
91.7274	2.455
4.2424	0.969
351.6621	2.9387
330.4136	2.869
298.6395	1.615
205.6723	1.2796
182.9265	1.2573
317.0608	1.6318
301.5571	2.7703
324.8037	2.6324
134.8584	6.555
122.6249	6.8185
115.7669	6.5612
120.6307	4.7615
115.0531	3.7724
118.3851	3.2331
114.811	2.9356
112.4672	1.4635
112.0656	2.3101
84.9315	1.2879
353.7448	2.0134
272.8342	1.8229
272.037	2.5308
271.1169	2.4526
268.5574	1.774
269.2706	1.4131
273.1625	2.4589
271.8814	2.9946
273.6512	2.9903
242.8089	1.5022
134.8146	1.7778
116.1292	2.655
101.5735	2.8046
87.7876	1.3029
64.0766	1.1767
249.6596	1.5594
214.6951	2.4936
186.8232	1.525
148.2417	2.8511
128.0542	4.2481
121.6067	4.9045
113.9458	4.2632
108.0501	3.5842
104.4533	2.9206
98.4138	2.4163
101.0033	1.8785
106.758	2.6182
105.1079	2.2517
107.611	2.3588
109.8315	2.568
108.7921	3.4845
102.9749	3.3219
105.9519	2.8976
117.0769	2.4328
103.4867	2.8061
95.0225	3.4432
100.0992	3.9765
103.1307	3.9156
113.091	4.275
109.4795	3.8162
113.5603	3.3363
121.099	2.6889
115.3186	2.5724
103.8633	2.741
105.3855	3.0002
110.7764	2.5112
139.7854	0.7641
62.4624	1.2923
234.0514	0.877
256.3497	1.2156
257.4837	1.8193
253.2226	1.8514
241.8129	1.6407
234.3384	1.5654
231.7516	1.6288
210.955	1.4016
198.4334	1.1971
236.308	0.7335
227.5718	1.7041
209.795	1.2207
236.7299	1.7431
239.7632	0.6586
212.3511	1.1245
161.6414	1.3294
169.1542	1.299
161.9491	0.5834
106.1872	1.7326
107.1047	2.8212
105.3983	3.0949
100.1385	2.26
97.0102	3.1359
80.6321	2.7038
79.6431	2.4975
29.2466	1.1778
28.147	1.9676
103.7715	0.5798
170.539	0.2371
285.249	0.7463
302.6773	1.8777
291.4992	2.1854
298.0398	2.1868
302.0378	2.3036
294.2627	3.066
276.9035	2.83
258.5888	2.5797
246.0129	1.9983
201.8846	1.5743
159.4656	1.5097
124.5119	2.3424
113.2366	2.1632
108.7754	2.0234
47.1536	0.9285
353.8216	3.1989
319.4011	3.2716
324.9074	4.599
324.583	2.3481
117.6198	4.5727
103.3317	4.096
110.221	3.0083
84.8221	2.7741
104.5248	3.3653
119.0961	3.2529
115.2842	4.127
107.049	4.1536
102.7836	4.5337
102.9792	3.8837
94.7139	3.4128
100.1369	3.2061
106.0688	3.6853
113.8429	2.9761
122.1729	4.3697
113.228	4.8206
111.6096	4.8818
114.6285	4.6356
110.1875	4.2158
87.6492	3.4894
66.5678	3.2197
59.6215	2.228
135.4111	1.7962
152.1932	1.602
116.9448	2.6722
122.0164	2.4745
122.5925	2.9438
99.5493	3.2556
94.2733	3.1363
68.4527	1.5242
22.8622	2.7088
5.2094	2.6292
4.855	2.9503
334.0624	2.2826
332.1215	2.6937
326.3812	2.3289
287.2499	2.4658
281.8645	1.9079
266.4234	2.2724
236.1278	1.8787
216.9654	1.4672
203.6875	0.6335
150.947	2.2607
136.4918	2.9465
132.8765	2.8741
174.1467	2.2698
173.7976	2.4878
182.3093	2.6118
178.7817	2.7312
205.5132	2.5575
209.4465	2.1728
211.5125	1.719
186.7567	2.0232
275.8991	1.6573
243.8326	2.278
300.5473	2.1846
347.4686	2.3707
313.7172	1.6012
290.0142	2.4285
319.0534	2.7409
317.1001	2.781
292.8079	2.1125
282.2953	2.4358
357.2457	1.2216
127.8249	0.7424
165.4307	1.1741
139.912	3.028
117.5395	3.8854
110.2808	4.0485
101.3453	3.8944
109.2039	2.9362
111.6551	2.6096
100.8769	2.719
105.1473	0.9311
182.102	1.9117
169.6252	1.7705
180.4806	2.2623
209.3792	1.8489
197.4574	2.9512
142.6897	2.6651
118.6372	2.397
117.0771	1.2576
121.8523	3.3913
114.5399	4.6808
116.5663	5.0546
123.0889	5.1388
120.1249	4.4773
109.6632	4.0007
104.6052	3.5883
109.6857	3.5655
127.4881	2.4063
92.3165	2.1389
109.5244	1.3479
7.8044	0.2401
259.9994	2.2171
258.517	2.3405
221.7434	1.6565
221.0685	2.0389
168.6165	2.4406
125.8674	3.5138
109.9582	3.8017
109.7334	3.7632
117.9924	3.8449
100.8986	3.909
93.3388	3.8477
94.9383	3.1899
100.4597	2.1434
103.4926	2.045
109.4905	1.8058
133.2557	1.499
125.5912	1.9965
106.7279	2.9756
101.348	3.4073
115.8552	2.7888
125.7358	2.4761
112.044	2.5506
122.8901	2.3038
196.7787	0.7569
232.4239	1.6162
81.8362	1.2058
72.5056	1.3782
24.1524	0.7304
338.3373	1.6604
39.3488	1.4975
166.2093	0.1718
275.2826	1.317
267.1998	2.0463
281.515	3.0954
255.1762	2.1472
243.0409	1.8601
166.2246	2.0073
122.6265	3.3768
109.0396	3.6638
113.9452	4.4044
141.9978	2.7264
112.822	2.5061
3.3663	0.4432
319.0872	1.8013
281.0076	3.3713
292.3105	3.5633
279.6129	2.5162
275.6572	3.8151
226.5675	2.135
144.0141	2.078
146.1293	2.7772
209.2528	2.0063
187.5072	3.7136
189.5227	3.5975
186.3411	3.2801
208.8602	4.8638
180.187	4.1991
179.885	3.669
182.0483	3.0304
212.5934	3.0498
184.3753	2.4555
150.3993	2.8838
160.8727	1.9598
185.7493	1.973
147.024	2.8357
116.9929	3.4643
94.9127	2.6998
99.5774	3.0912
76.7672	2.7585
35.4835	3.1131
14.9884	2.2801
316.0011	2.1855
193.5212	2.9502
158.086	3.0686
119.966	3.6269
124.8561	4.0114
129.6083	2.9735
105.9163	2.712
91.586	0.817
341.5218	1.535
285.7466	3.0974
281.8401	3.4086
269.489	3.6718
283.9692	4.4972
288.3847	4.6047
290.3504	3.2828
66.8364	3.4918
88.8071	4.7823
94.0479	3.1191
109.4744	3.7206
109.1776	3.4452
115.5028	4.215
122.9585	2.111
91.2174	2.9643
109.0532	2.3114
115.2763	4.7188
122.5569	2.4963
83.1936	2.9992
130.9603	1.4378
104.7479	2.3668
141.5211	5.1968
98.5254	4.1482
96.9376	3.7191
94.2729	3.4277
159.7779	2.4699
152.1806	1.7805
206.4459	1.1875
190.9503	1.1156
164.8	2.6066
110.0872	2.8996
103.0329	2.5314
133.0771	2.1106
148.3944	2.2636
131.3222	4.4462
127.632	4.6809
143.9034	5.3112
125.8129	3.8624
125.2076	3.9441
121.1983	3.3194
118.9937	2.8356
152.428	1.5875
74.277	1.1759
314.2419	1.218
318.8566	0.8886
289.4676	3.3535
350.3587	2.5864
283.8121	1.76
300.6357	2.4693
255.121	2.7391
22.2412	0.6666
182.248	1.1385
120.6281	1.9362
129.4809	3.495
140.5112	2.2255
236.5223	1.2209
270.2563	3.6912
247.0167	3.9937
254.1228	3.1767
226.0943	1.3717
182.5093	2.4087
135.5562	5.1638
94.8834	4.4748
128.6836	4.8901
132.4575	5.063
108.5202	3.1268
118.4003	3.7471
137.5468	2.7269
157.5106	2.9923
149.9981	2.3391
141.3645	2.4931
162.2483	1.7009
162.9722	2.9904
142.5461	1.9713
131.4488	2.9052
120.2783	1.923
93.5588	1.5647
60.3855	1.6557
51.3033	2.722
3.4448	2.614
12.6081	4.0329
36.0181	1.7468
142.6705	1.5733
128.8442	2.7868
101.2688	3.3235
45.1554	2.4428
110.1286	5.2188
114.3455	6.2468
120.2078	8.2119
133.8131	3.0673
79.7857	1.2594
311.1697	3.9153
306.4512	5.483
304.149	3.7279
115.7941	6.7358
116.7035	5.9474
106.6311	5.7517
81.7694	1.9997
94.5603	2.6015
112.1572	1.1991
129.9639	1.1955
181.8829	1.2188
170.2842	2.035
148.7204	1.9183
157.6363	3.0082
138.811	3.064
118.3238	4.0551
121.0812	4.4202
124.5487	6.2317
124.1981	4.7845
110.4672	4.748
107.525	5.0759
101.9878	4.5661
126.5102	2.5738
87.3936	1.9781
115.6422	2.5277
109.7401	1.4164
164.7234	1.2226
102.7825	1.5232
139.876	1.4147
140.7845	1.2486
170.231	1.3254
118.3518	2.2768
128.7203	2.2024
128.9086	1.9287
134.5263	1.7899
128.9041	2.649
165.5046	1.2773
337.9108	0.2186
306.3043	1.4023
310.8433	2.5021
308.2311	3.3175
302.5474	4.2378
269.5697	3.9339
275.025	4.6124
272.0102	4.9219
280.733	6.2104
256.5168	4.6457
314.8219	4.2558
297.2804	4.0245
291.3651	4.7426
272.7993	3.4367
285.1068	3.4689
277.1317	2.2228
271.0189	2.7186
128.7312	2.8497
211.5055	1.8643
59.0163	0.4666
232.1862	1.9498
76.152	0.4694
233.0727	2.8335
300.6543	4.1543
325.2101	4.6847
57.9658	2.0091
69.5771	0.6084
90.2068	1.8308
123.0981	1.1134
172.5311	2.0019
117.2208	2.8244
127.3567	2.6456
127.2227	2.6423
158.6792	1.4619
139.6842	2.4181
135.6689	1.6112
139.7233	2.219
154.4576	2.7187
144.6796	1.1403
12.7068	2.2059
32.0013	4.2536
100.8825	3.1772
98.9992	3.2141
111.935	3.4866
109.8759	1.5243
168.623	2.1192
131.0263	3.7229
130.6773	4.5841
132.2888	5.795
131.1157	5.2366
117.4445	3.9738
123.0263	3.9392
111.7682	3.151
248.0489	1.225
339.2229	2.278
347.0286	2.4393
10.1837	4.8909
13.4876	3.636
72.6116	4.5116
87.6682	4.4006
103.6708	7.4114
133.8464	4.0727
110.4835	1.8254
121.0192	1.4908
125.3125	3.2337
138.3932	2.5201
145.8952	2.8536
129.8124	5.0366
119.4715	6.4197
137.1471	3.5455
151.3757	1.2662
132.3373	2.0339
220.579	2.5215
245.7145	2.8352
273.461	3.5049
254.2567	3.5131
259.1302	4.3512
262.6856	3.5872
298.3862	3.9671
294.9278	4.0179
316.4377	2.0192
290.6145	0.9717
320.2963	1.7467
326.3758	1.0387
297.283	1.0641
327.4211	3.4166
98.2226	3.2554
121.3007	3.4425
127.8404	3.7974
191.5637	1.6627
173.9133	2.2348
260.6116	1.2233
221.251	1.7442
247.7673	2.6325
270.9756	3.2885
290.159	2.5567
296.3213	2.6204
291.5892	2.7127
310.2062	2.9883
307.4356	2.8844
310.3463	3.9034
313.2928	2.6558
351.9718	2.3849
9.3656	1.7367
99.266	2.7546
141.9898	2.429
224.0742	1.9134
306.4172	1.4144
3.5597	2.3034
99.4974	3.0911
142.1729	2.6616
288.6018	2.0771
341.3461	3.4206
87.2288	3.4532
118.3496	5.4231
115.3451	5.2414
123.8602	5.3193
119.9614	4.1757
95.347	4.0325
127.3273	4.1827
152.0442	1.8844
298.5649	0.9011
27.8998	2.7412
347.2605	1.9245
343.6838	3.5272
324.5495	2.7379
357.8726	3.0301
328.715	1.8621
342.7821	2.1419
307.2537	2.8248
350.2803	2.779
11.4061	1.2348
80.91	2.5887
350.5118	2.2895
102.2726	3.0646
81.3735	4.7576
89.217	4.1493
19.2556	2.6627
110.1877	5.0598
99.8804	4.5487
95.5095	7.1941
127.4267	4.4994
115.8362	2.7503
126.9684	2.0156
112.6839	2.4408
276.9948	1.5915
303.5649	2.0092
296.1224	1.4503
312.361	1.3826
287.4127	1.1949
356.5763	2.7215
300.355	1.9364
327.2452	2.7423
277.57	2.2784
310.3229	1.7491
297.9281	1.243
342.4939	2.3653
99.2952	2.7085
110.2232	3.4252
123.9282	2.4826
235.3019	1.815
240.9176	3.8101
233.4709	5.2522
296.4541	4.3291
312.4455	6.5942
37.5597	3.8905
87.2016	2.4472
90.6883	1.3642
90.0065	0.2411
261.2203	1.4833
182.1614	2.1967
205.7135	3.1622
354.7624	3.8772
37.3254	4.1321
47.5746	3.5477
88.9453	2.5489
91.4047	1.2198
153.0165	1.9808
94.326	2.0326
107.2298	3.3795
123.9545	3.8385
153.3273	2.5792
128.4398	2.9754
118.2033	3.9574
140.0018	4.1213
138.9934	2.8698
116.4976	3.3433
139.5103	2.6988
156.3262	1.5648
174.1717	1.9552
154.9758	2.4693
169.8846	1.5792
243.9457	1.5548
12.0992	1.5902
263.9658	1.1726
238.3295	3.0233
273.9412	2.3825
221.8886	1.9457
254.2287	2.523
277.7012	2.0315
287.8053	3.4654
288.4932	2.7812
311.9203	3.1938
284.4414	2.8728
298.9663	4.6126
268.5649	2.2307
261.8585	2.4576
281.1674	0.9465
294.3564	1.2383
240.2651	1.1847
158.2473	2.3037
154.878	1.8192
127.9183	1.8112
152.4224	2.6715
158.8516	2.6736
170.9941	1.8083
168.0815	1.8255
128.792	1.5198
121.0642	2.2326
78.5388	2.1361
134.4418	3.2621
153.5344	3.8331
159.559	3.525
166.8051	3.2854
172.4283	5.1633
193.9486	2.6675
160.6935	2.2888
195.2193	2.0464
189.0824	3.6952
195.5802	1.8122
144.0404	2.8557
197.6855	1.4938
172.8741	3.0958
109.8402	2.8258
165.884	1.8896
233.0219	1.3709
245.587	2.4181
232.1463	1.771
259.8561	1.8792
253.3202	1.3222
247.3294	2.456
213.6206	2.3038
198.9935	2.6569
285.158	1.0125
276.4073	1.0817
230.9291	1.4627
315.1559	2.2369
275.361	2.7462
287.0662	4.8141
285.6414	2.3249
251.8329	3.2796
271.9251	4.0965
277.3144	4.5868
260.3579	2.4793
283.7954	2.0962
262.6843	1.9316
285.743	4.0405
7.6062	3.6326
356.5806	1.8123
315.8251	1.3168
321.1409	1.9233
17.306	1.426
92.4409	2.5853
27.3608	0.2166
26.8435	2.8867
54.6702	2.1181
40.1749	1.9035
61.1622	1.2325
50.3206	1.5953
7.6829	1.5984
323.0932	1.7598
316.7256	1.3018
307.9633	2.2675
269.5982	1.7283
279.5121	2.647
282.9176	1.8438
300.5378	4.1858
289.739	2.7053
313.884	3.0989
288.2465	3.0345
293.6835	5.3403
326.6557	2.4301
339.7302	1.7819
76.6854	2.5264
99.1467	3.4871
251.1006	0.8769
353.2627	1.507
12.5242	0.9439
273.33	1.466
266.8611	2.433
260.1576	2.7507
299.141	0.7814
333.4706	1.4883
106.0749	2.7829
113.8378	4.0424
116.3628	3.155
117.2981	2.4413
100.4958	2.6379
80.6776	2.3842
101.4062	1.8867
110.2639	2.671
121.4919	2.3714
94.0349	1.7442
127.3397	1.0667
102.8154	1.5779
141.637	1.5885
177.3132	1.3277
201.3017	0.8093
346.2713	0.3463
233.3325	1.4663
186.7394	1.8638
230.3192	1.099
219.1457	2.0071
174.6802	1.7106
270.6623	1.5207
62.209	1.3722
70.5196	2.046
129.6782	2.3513
94.1211	1.7622
87.0498	2.729
108.061	2.0358
215.4962	1.482
284.664	1.1695
330.8548	1.2536
282.0038	1.2705
253.2441	2.6099
281.27	2.8761
264.7521	2.1759
287.2289	2.7227
277.9845	2.043
292.4702	2.7111
253.2651	2.4111
280.9732	2.1691
165.1141	1.4325
256.9586	1.5424
153.4202	0.3088
324.6208	0.5764
177.964	0.6274
232.461	2.3008
145.8033	1.032
161.4049	0.6922
189.6873	2.9395
197.3708	2.9242
187.5167	1.8179
219.448	1.2943
171.4451	1.7803
140.0686	2.0417
115.7061	1.4116
100.6454	1.9274
119.1225	0.7597
140.639	2.1938
147.2691	1.6009
115.8664	2.1551
79.2703	1.169
80.5499	2.3728
84.9258	1.0532
99.9837	2.6363
83.4059	2.16
109.058	2.4824
17.0625	0.5405
20.0853	2.0693
353.9594	2.9294
76.7347	2.0738
61.6661	1.0206
134.5628	4.5813
138.0612	4.8179
125.1218	4.4498
129.2947	4.0629
156.3215	3.5803
149.7638	3.2886
192.0473	3.2438
249.3647	2.2006
194.2477	2.0793
188.8842	2.1212
126.7053	2.0672
108.2742	1.7502
104.9419	2.1175
126.7984	2.4974
97.0633	2.8405
115.6778	2.194
131.7362	1.4762
133.0309	2.2117
141.7329	1.7663
116.9669	1.1655
112.4582	2.4254
144.198	3.4534
124.2542	3.6166
114.527	4.0564
130.801	4.4132
116.3793	3.4553
111.7149	3.6755
115.6956	5.3252
127.4442	5.882
135.5549	3.5421
117.0181	3.7381
111.8451	3.8883
120.2268	3.8295
71.5086	3.2962
68.5806	3.7918
86.8104	2.9207
104.2485	2.7789
101.7992	1.4438
137.7098	2.2549
170.1399	0.9749
251.1853	0.4803
241.7551	2.5613
274.4517	1.986
299.4382	1.2258
279.5326	3.6872
251.9233	3.2634
275.0936	2.4934
254.1871	1.7693
248.7814	2.2563
211.5939	3.0135
162.3746	1.7293
163.8773	2.944
178.3302	3.2358
165.2452	3.6082
192.8536	3.0552
216.4661	2.1551
200.4517	2.3026
204.6435	2.2054
202.7416	1.3891
224.1936	1.1479
182.0272	1.2251
262.2687	1.4437
3.9014	1.7213
70.7217	1.7165
101.9771	3.499
106.8406	1.4002
103.3754	2.0826
221.5442	2.0707
183.0325	2.2424
209.1144	1.844
147.6232	2.4621
147.8896	1.7333
155.466	2.369
122.702	2.8564
122.4784	2.3523
140.7075	1.6112
214.2845	0.5321
239.1558	2.2525
296.7452	1.8011
244.8088	2.3669
246.1127	4.7543
217.8192	3.6755
211.1721	4.2472
215.6389	3.9078
230.8351	3.6312
199.3354	3.8016
198.1007	3.5229
199.0068	4.4836
216.3585	3.0029
173.9824	1.9986
192.8928	1.9423
227.255	1.4004
270.2932	1.5932
295.0698	1.7488
263.4391	1.6391
281.2112	2.1666
276.1918	3.5775
271.8779	3.9877
305.9652	4.838
25.4776	3.0272
54.1013	6.2357
68.842	4.0197
92.2272	3.2083
78.2648	2.0886
111.7458	1.1146
58.1091	2.3256
117.8569	2.2763
125.856	2.8739
123.9419	4.0681
131.7738	4.035
112.375	3.8237
115.6398	4.4336
113.185	4.3828
107.3713	3.7501
100.6223	4.2931
98.2908	4.5188
130.0714	4.6271
106.4367	2.4065
110.5642	1.7943
187.5324	2.6414
232.6348	2.7981
171.4345	1.283
150.9494	1.3206
98.0629	2.1226
85.1565	0.7958
56.8519	2.2849
103.7263	2.172
116.1757	2.1713
125.7068	1.2468
12.0103	1.8613
337.8335	1.6164
296.9497	2.4731
273.5863	4.5709
301.8662	3.6546
13.3808	2.7824
3.0929	3.745
77.3377	4.2865
85.4875	4.1495
73.4882	3.1446
77.6891	2.487
117.9256	1.8914
159.228	1.8639
173.304	1.4167
193.4693	2.2461
219.4948	3.2871
189.452	3.5145
188.322	3.0156
196.0866	2.2121
205.5139	1.9362
34.25	0.5111
28.7901	1.3826
64.4436	0.8994
120.9071	1.9084
95.5577	2.7343
96.9023	4.0739
98.9412	4.4659
119.3445	6.3238
104.6822	3.9951
102.5588	4.0705
105.7344	5.0652
113.6799	5.0694
120.644	5.4354
103.1685	4.2769
101.6884	4.677
110.5685	3.2193
123.9438	1.0265
106.2222	0.8359
116.9492	0.828
223.0097	1.5917
336.9265	1.4514
152.6701	1.3184
150.5343	1.9641
163.5752	3.118
133.2933	2.8021
124.8051	2.961
103.7512	2.8092
70.6415	2.185
50.1424	2.5427
33.6882	1.489
314.0445	1.5981
281.7786	2.3529
273.0522	2.8717
279.4356	2.1498
283.6619	1.6999
304.3255	2.3935
302.8687	2.6098
301.0501	1.2394
247.5734	1.4092
269.0556	1.5985
282.3379	2.0771
89.9583	1.428
115.2878	1.4975
229.9629	1.1727
211.1002	1.7888
177.8658	2.8325
171.9371	4.065
139.5694	4.1199
112.3512	5.2482
104.1206	5.3926
95.0358	5.2434
98.306	4.0354
136.4113	2.0899
119.7774	1.8126
100.4564	2.7996
114.389	4.8617
112.9306	2.6208
99.0893	3.6519
105.8191	3.646
136.5318	3.2741
144.1091	1.472
134.8739	1.5204
136.7262	2.4786
148.139	3.7535
128.9406	3.8746
114.7143	4.4631
109.3404	4.1379
117.4212	4.5326
121.094	4.0071
119.4591	4.4118
114.6151	4.962
117.0732	5.2525
119.7721	2.7021
123.7616	3.6556
115.7294	3.8965
97.3029	3.0724
83.4361	2.4982
59.9765	1.8992
21.8504	1.8345
347.0915	1.8791
229.2599	1.3052
178.8214	1.5427
156.818	2.0841
126.6432	2.7684
125.4223	3.6214
103.593	3.9067
97.8936	4.5141
84.8568	3.9592
66.7532	2.9168
16.5943	2.5421
344.2649	2.1801
307.9626	1.9192
259.5745	2.4029
247.6766	1.7885
236.3862	1.6496
229.6737	1.8549
205.0368	1.5588
154.6948	1.909
150.6083	1.889
148.2205	1.3614
140.2233	2.3451
124.6878	2.727
113.6378	3.1495
113.9101	2.4874
107.0145	1.486
93.7244	1.9633
110.1041	2.3768
100.3086	1.2294
237.0089	0.9579
325.2588	1.2651
313.7586	1.7677
304.8257	1.2066
273.8175	2.35
275.5974	2.1256
307.4234	2.5435
310.7482	1.3981
324.7644	2.7691
25.0694	2.0657
357.1033	2.1085
314.2117	1.3852
331.9632	2.0862
308.1653	2.8637
292.8022	2.3488
305.1047	1.5804
291.0967	2.5744
291.5533	1.5131
280.6678	1.7914
295.1486	1.6357
295.7978	2.7148
304.045	2.3975
333.7758	1.3444
83.8687	2.5921
76.4104	2.8985
82.3672	3.284
69.2028	3.323
81.1774	3.063
95.3623	3.0278
95.379	3.1246
93.3836	2.5615
80.1655	1.2586
123.8945	1.8065
74.0737	2.123
46.6594	2.5365
8.9357	2.5544
357.6836	3.0328
3.3989	3.0638
27.9686	2.9404
79.7003	2.9767
75.3907	3.2262
85.8219	2.8163
82.2634	2.9007
97.6906	3.3701
99.5995	3.0713
79.9227	2.4817
63.7531	2.7624
70.9841	2.5361
86.8205	3.8053
81.2888	2.7661
61.4798	2.7426
54.0966	2.6891
72.7682	2.4959
84.7721	2.855
64.0654	2.0192
349.4436	1.4455
333.2674	1.468
298.1374	1.6738
304.6262	0.823
315.508	0.8445
358.0198	1.5528
306.0756	1.3471
349.1244	2.0341
318.4501	1.7422
325.8596	2.0746
333.8776	2.1519
330.7341	2.4796
300.6051	2.5057
314.0455	3.573
314.3705	3.9103
302.8299	3.054
290.3825	3.0149
273.6539	2.4189
254.156	2.102
149.0805	1.7914
130.0009	5.0693
116.9856	4.4344
113.7554	3.7276
110.9671	3.044
105.2256	2.3714
123.4976	2.3396
111.877	2.2489
98.4585	2.2803
81.1056	2.1483
90.9161	3.0825
79.1499	3.0607
90.3858	2.5661
102.2905	1.7403
114.3693	2.8527
117.5264	3.8325
108.2958	4.6185
107.5633	4.5831
121.3797	4.0781
112.5812	3.5118
116.3779	2.4316
99.4759	3.1283
103.3312	3.7598
102.3811	3.7423
110.8959	4.1677
107.6074	4.4221
107.7411	5.4351
106.2678	3.9049
114.1971	3.2731
114.5765	2.9405
109.0164	2.45
94.4076	2.3883
95.8323	2.3365
74.3083	0.6055
102.7189	0.6729
115.9894	0.1713
57.1257	0.8318
165.6251	0.1473
210.6725	0.7175
224.0933	0.6512
226.4759	0.5248
202.6749	0.5639
220.6329	0.6763
192.461	0.7624
153.9814	1.4189
131.4191	1.2954
107.1542	2.3111
93.7919	2.1247
103.3642	1.9004
99.219	1.7451
96.8188	1.2164
84.4879	0.8235
9.2003	0.7696
272.6963	0.8197
248.6216	1.4104
233.1134	1.6769
215.6731	1.6096
222.9248	0.6302
127.632	1.2751
107.0174	2.2653
95.2878	2.4027
98.4031	1.615
123.4776	2.0891
114.497	2.2654
113.5723	2.7944
105.9959	2.8982
112.2791	3.9829
117.3066	3.186
130.763	3.0294
125.4766	3.0139
118.4	3.1056
120.8138	2.192
128.6048	1.4433
113.6713	1.4923
105.3184	1.1283
105.1225	1.2659
127.3427	1.3008
108.534	1.326
122.3821	1.6231
119.3296	1.9957
113.8563	2.7631
111.426	2.9068
111.6167	3.2796
108.8447	2.9406
103.2736	2.934
104.8755	2.8111
108.1848	2.746
106.9928	2.56
113.7827	2.384
107.2846	1.5293
110.9023	2.1124
80.7675	2.5624
85.3877	3.4982
87.495	3.2584
91.7796	2.7553
90.1592	2.3784
73.9379	1.457
8.1087	0.6155
345.9761	0.5665
270.3103	0.6516
266.7328	0.3624
278.6775	1.0406
259.3479	1.7992
244.2093	1.7792
235.3051	1.4081
207.8474	1.3845
112.4355	0.7354
112.2702	2.0488
100.1467	2.3451
112.1445	2.1792
105.3043	2.629
106.2283	2.3475
92.8799	1.8658
34.7285	0.698
343.4726	1.5752
295.349	1.9218
291.7692	1.8335
279.9372	1.8836
266.3454	1.931
257.1916	2.4499
269.6767	3.0938
289.8359	2.2502
68.1115	3.2049
121.2988	1.9943
59.9337	2.946
26.5514	3.0988
19.7086	2.9091
26.8067	2.6913
57.0347	3.1236
51.4081	2.759
70.217	2.9932
62.67	2.8077
65.6932	2.5324
60.2232	2.2182
53.593	2.71
15.4045	2.6893
22.4533	2.39
4.2388	2.1517
339.0775	1.8326
246.3074	1.5941
191.4415	1.4954
143.4722	2.0229
116.5242	3.2654
99.6551	3.972
96.2331	4.3193
99.4626	4.1429
95.0854	4.0046
92.0097	3.16
99.0188	2.7829
122.3278	2.5559
114.3502	1.5674
149.3196	1.1764
273.6465	0.6762
275.1193	0.7311
274.2164	1.0929
246.422	1.2186
195.1692	1.2662
131.5313	1.8383
104.5147	2.7928
96.4593	2.9056
92.1893	2.4772
72.5103	1.1437
40.3039	1.1265
330.9815	1.0292
239.1484	1.5304
235.5407	0.8342
182.7069	0.3739
59.7862	1.482
92.3695	1.8631
103.4674	2.0335
117.67	2.2238
132.7451	2.0476
130.9032	2.009
129.5829	1.6472
122.7223	1.9854
106.0978	2.096
106.0183	2.2112
84.6391	1.6518
40.0733	0.9978
352.5362	1.1937
295.2385	2.1737
288.6642	2.1404
286.7297	2.6785
289.0659	3.5102
272.9189	2.4894
258.7264	2.1378
255.9682	2.4307
250.7555	2.6621
238.325	2.0818
197.9291	1.293
113.932	1.5918
112.8449	2.2193
94.9772	2.2898
74.9393	1.0805
347.5213	1.0864
251.5246	1.7823
215.7649	1.546
209.5375	1.3613
160.266	1.7523
129.9009	1.6548
109.5799	1.8425
110.0132	1.8052
107.059	2.3163
109.3685	1.7819
93.6992	1.0836
324.6274	0.2728
199.4827	0.1734
232.153	1.4756
143.6085	0.5618
105.1839	0.9588
104.6807	2.416
92.3656	2.7666
96.9419	2.8429
93.0495	2.5343
91.0919	2.1384
45.2716	1.3865
292.1211	0.5619
280.3328	1.1043
255.6124	1.7327
242.6275	1.4698
196.2627	1.3297
136.7106	1.8956
102.2527	3.4859
106.444	4.1047
