122.4685	2.8164
100.1594	2.5172
85.2679	1.9092
90.6047	3.031
109.1182	3.8131
108.9327	3.0382
101.0894	2.4904
101.7523	0.7064
291.3558	1.9494
278.659	2.2017
274.0412	1.3028
174.7092	0.684
141.1954	1.9701
61.1024	0.8028
354.3265	1.2145
127.8436	3.8064
118.2071	2.7098
102.6843	1.6604
125.4699	1.983
123.0484	2.7788
112.6068	2.8155
99.3805	2.0055
69.8345	1.7824
22.9279	1.6953
82.2529	2.0078
83.8441	2.1588
104.9052	2.7834
108.1353	1.6804
170.5626	1.1109
154.6103	0.7865
154.8535	1.8984
133.3767	2.2207
127.4765	2.4462
99.9484	1.9537
110.5623	2.3714
102.7903	1.6452
102.6994	1.422
54.383	0.9116
59.3997	1.6427
3.7567	1.9405
346.5977	1.2776
308.6104	1.7877
295.9499	1.504
240.8866	1.2753
213.3515	0.834
218.2701	0.5487
170.5038	0.3435
105.9412	2.4971
118.7834	3.5438
122.2937	3.4195
117.6972	3.7869
117.0335	3.6077
115.2793	3.6971
105.7407	3.3509
111.1348	3.4437
112.3908	3.3425
112.2071	3.2045
108.0684	2.6139
116.9925	2.7917
112.1024	2.7033
108.3339	2.754
109.4051	2.2472
116.4844	2.2533
110.7377	1.8405
135.0628	1.4833
126.4578	1.4089
152.0112	1.2821
216.7519	0.4377
243.0197	0.7988
244.6425	0.668
236.5253	0.8079
251.7373	0.5086
245.7049	0.9563
239.7577	0.3369
276.5797	0.3886
302.5655	0.3902
279.7946	0.8282
273.8829	0.4897
272.5384	0.4594
342.9693	0.2425
279.3959	1.366
270.6288	2.0512
282.6821	2.4149
282.5472	2.0583
279.5163	1.7309
284.0213	1.7309
296.4956	2.5957
299.2116	2.8579
296.5393	2.8643
323.2818	0.9642
109.4163	3.7416
101.9613	2.5794
58.5213	1.1829
3.7616	2.2983
94.2864	4.3781
85.7485	3.1615
63.8207	2.9246
28.2454	1.6695
61.8639	1.7044
88.2141	2.7375
74.4581	3.9386
55.4951	3.086
30.3531	3.2283
32.0828	2.7578
78.3539	3.1877
93.722	1.8327
345.5243	1.1246
261.2042	1.8001
216.8622	1.9976
206.4298	1.0534
279.7758	1.2209
7.545	1.7372
73.2283	3.3483
94.7981	2.7147
84.8781	2.7163
50.0542	2.2204
48.782	1.2392
278.2891	0.4779
233.4624	0.9237
208.8759	1.0291
279.6997	1.1897
304.8099	2.8802
328.8378	4.228
7.4411	4.2296
80.2905	5.2065
88.5201	5.9095
112.2693	5.8576
103.1498	4.5528
97.3679	3.7479
88.8871	2.0879
341.1558	1.6496
298.6883	3.5487
307.2004	4.1483
306.7081	2.9901
288.6941	1.6248
108.2752	3.0929
109.0732	4.1311
73.4712	2.2212
263.2189	3.0954
250.968	4.5642
242.6392	4.0383
152.2761	2.9158
103.4722	4.3621
113.663	5.0478
105.8262	3.862
108.9065	3.2522
111.8588	3.744
97.089	3.5056
73.5823	3.0749
41.9933	1.4034
31.2277	1.7472
347.2461	2.4065
283.6547	2.5271
280.1589	1.4444
295.5823	2.6709
295.0478	3.0293
300.8604	3.2511
290.3645	2.5301
285.597	2.6202
292.5524	1.8524
265.0858	1.0603
92.5729	0.0655
48.4718	0.8895
99.0343	1.6323
63.0198	1.2286
26.5458	0.1672
19.3328	1.5443
49.8051	1.8932
46.1839	2.5614
44.9087	0.9736
72.3295	2.2483
66.9353	1.4532
36.3988	1.6366
274.4268	0.8504
269.4496	2.072
289.2465	2.9354
282.6232	2.7001
305.3088	2.1418
337.8046	2.0905
108.7377	2.4877
113.9729	2.9081
68.8923	0.6503
333.3161	2.3184
297.9613	3.1614
303.7399	2.8335
280.5471	0.8575
146.6009	0.7586
158.2749	1.1627
49.2957	1.0512
106.4359	0.8115
134.9411	1.6139
111.3957	2.0244
91.5493	2.5985
21.991	1.0408
345.7094	2.4529
325.1196	2.4781
277.3748	2.169
224.4548	1.2437
165.008	2.3649
148.691	2.6856
135.2438	2.7097
108.1102	1.3244
130.693	2.8164
110.1456	2.7694
106.5171	2.8674
79.3746	0.9373
74.5301	1.3983
63.2938	1.629
75.5348	1.5307
35.1818	0.8494
45.8052	1.9431
82.1343	2.3825
62.6853	2.0677
49.1864	1.555
41.085	2.6722
53.3089	2.3787
65.04	2.9892
101.3892	2.2978
158.1576	2.1508
91.1128	2.047
85.4179	2.4481
22.0544	1.0656
68.9952	0.4333
124.1598	1.5923
120.9922	2.1029
103.1498	1.1425
283.9241	1.3085
312.5985	1.6605
257.3232	1.9747
256.5215	1.7787
248.948	1.7339
257.798	1.4723
235.1329	1.3209
208.0124	1.1213
176.4497	2.0984
142.2815	2.6495
135.3447	2.2615
145.4944	1.8971
134.9937	3.0869
116.2577	3.1173
105.485	3.3601
102.2164	2.9441
100.5664	2.6277
89.0875	2.1866
91.1063	1.8978
38.129	0.3141
292.5911	1.9054
262.3013	2.4141
262.182	2.2103
255.7357	2.2749
256.6162	2.9549
251.2744	3.1367
267.621	3.4783
261.479	3.4115
261.7922	3.7139
243.8937	3.1714
225.0104	2.5621
209.3199	2.3699
179.1732	2.5993
143.7521	3.1006
124.886	3.55
119.3495	2.6322
122.5851	3.2545
109.9888	3.099
93.8196	2.9801
67.6699	1.4093
30.5282	2.3475
46.3043	1.7348
22.1242	2.3145
308.3653	1.4765
313.9907	2.3377
316.9649	2.1181
6.5735	1.3234
303.4496	1.3456
307.8686	2.1538
292.689	1.8752
229.5909	1.9393
224.1824	1.4883
205.637	2.067
167.2613	1.6859
130.977	1.9575
116.22	1.0559
81.3886	1.926
81.1891	2.7121
62.1785	2.8153
43.1707	2.4136
55.6521	2.2409
56.9018	1.9144
77.6985	2.1193
120.3483	1.7366
312.3548	1.754
38.8419	2.1451
64.3086	2.4968
100.9321	2.8824
67.6007	1.0836
66.5381	2.2931
36.8553	2.3343
17.5328	2.4308
15.6007	2.5357
33.0337	2.4906
60.4693	2.8035
62.9402	2.8967
14.472	2.9577
6.0707	3.1246
2.5005	3.0269
349.8338	3.1869
359.2464	3.1613
352.124	2.9926
354.201	2.7839
344.8356	2.7069
356.9031	2.0455
42.8717	1.541
353.032	2.6991
344.9211	3.1702
309.7439	2.9513
9.7403	2.1033
123.9644	3.8672
131.5717	4.0224
138.4025	3.4779
132.8984	3.0452
128.7926	2.4185
154.3603	1.094
317.2444	1.9662
9.4109	2.7302
353.0781	3.8847
15.8131	3.6147
19.7103	1.8044
351.0717	2.8116
326.2285	3.8502
335.2221	5.0083
346.2303	4.5082
21.2055	3.3962
32.3358	2.5214
19.543	4.0931
11.8814	3.5653
21.6765	4.4258
120.6146	8.3808
114.9833	8.7081
117.3924	7.0797
117.4989	6.7757
119.6899	6.5558
122.1623	5.7745
123.1696	4.5579
116.2324	4.4278
108.4859	3.7821
121.3979	3.261
152.2705	2.6639
126.3793	2.0565
124.8265	0.7995
295.2862	1.1543
271.2503	2.059
267.2882	2.3154
229.69	1.1719
298.7816	0.9483
313.0933	3.5399
1.5859	3.2709
7.6833	3.5324
52.9627	3.3439
84.6238	2.9334
119.5248	3.9788
131.4768	4.0999
124.5434	4.0473
127.1252	4.0945
97.8825	3.3644
95.4125	3.0205
106.8036	2.6854
121.1207	2.9448
112.9865	3.5411
116.2463	3.7702
127.4038	3.4002
129.9187	3.9031
112.4333	4.0343
114.8178	3.9438
112.3427	3.1317
123.8439	2.5653
94.9207	2.8902
102.4899	2.3029
108.6077	2.0738
119.544	2.3064
98.641	2.402
107.4699	1.8904
141.4772	1.6928
200.8281	1.7039
94.8075	0.9361
120.4353	1.4516
161.7354	1.2516
198.0881	1.2761
123.982	1.962
126.1043	2.2773
175.6704	2.7377
162.8289	2.2909
126.0536	3.2754
131.9792	2.2685
149.2059	1.4437
143.0104	2.0424
110.6436	2.9319
97.0364	2.4068
107.5316	2.0553
115.2253	2.079
110.3561	2.3147
110.8443	1.1156
15.3969	0.6095
289.1587	2.4169
14.5414	2.2459
309.3966	1.8426
337.869	3.3874
291.3963	3.9338
285.4247	3.6533
270.3716	3.9029
280.2309	5.2035
233.2147	3.532
229.4662	2.9664
232.1697	2.0473
284.31	2.2957
238.8968	2.6148
266.9663	2.5668
254.716	2.3008
267.5264	4.381
238.0643	4.1113
236.2936	4.5462
229.2686	4.6361
243.8852	5.3991
229.169	3.8752
226.7556	3.0587
227.7395	2.4239
203.7184	0.6928
120.3191	3.5469
107.1989	3.7356
100.7524	3.3263
103.771	3.8109
124.6182	2.2051
120.6323	2.6549
133.7182	2.4412
156.0542	2.5835
173.573	2.841
173.7214	2.8938
183.0674	1.7895
236.1638	1.1531
263.955	2.0817
8.5674	1.724
4.6626	1.2081
346.9328	1.9781
327.8741	2.3577
2.7562	2.3822
333.0914	1.0868
356.5569	1.8703
23.9591	1.9751
136.9362	2.8648
138.0772	3.6122
123.1171	5.1514
124.9491	3.8074
105.4978	3.9671
113.6971	2.6298
289.2725	0.3397
268.2629	3.612
273.6653	3.9303
242.8678	3.5637
237.8908	3.2769
199.5568	2.0647
187.4173	0.9831
226.2636	1.0571
233.121	2.2772
212.5668	2.3576
104.7435	1.1521
64.8245	1.0603
62.6374	2.5998
10.4812	2.0469
343.947	2.2261
270.3184	2.3145
210.2114	1.8441
146.3998	1.8026
86.5389	2.0126
358.7605	1.128
57.2389	2.6674
226.3845	2.3409
198.2513	1.7419
209.4959	2.6228
205.9331	3.064
132.7032	1.3421
118.4344	3.1286
113.3174	5.0487
98.0473	3.5497
86.3367	1.7947
112.3547	2.0985
154.77	1.6829
161.5085	2.0729
159.014	2.5384
145.2202	3.0259
120.126	2.757
122.5768	3.06
118.4109	1.9707
193.1997	2.7224
232.6002	1.5203
232.8625	2.3951
218.5762	3.5488
226.4829	3.2642
232.4154	4.0765
265.955	5.4944
220.6836	3.8416
230.457	3.1925
206.6124	2.5689
207.0525	3.9582
185.5875	3.7799
191.4539	2.6154
159.1966	2.1081
155.7749	2.8632
164.3872	4.1847
125.4888	3.7277
116.1894	2.9198
126.2496	5.5182
133.6835	6.1363
132.0138	5.6354
130.8531	7.5245
135.228	8.4425
146.7196	6.7607
148.7895	4.2181
157.9851	2.7417
134.4575	5.07
144.456	2.6685
352.1611	2.7178
357.3393	3.1786
342.2045	4.7057
325.1322	3.7692
301.8156	2.1622
110.0942	1.3209
244.2544	1.1311
216.065	3.1011
142.0846	4.1067
123.9111	5.9074
121.9747	4.7448
123.9466	4.099
105.512	2.8507
118.3186	3.5542
128.1423	4.0693
109.113	1.7227
116.5019	2.119
159.5014	1.8541
188.484	2.6323
216.9762	2.8611
216.4075	2.7223
245.2347	1.705
203.2022	3.5556
173.5127	3.4434
197.8277	3.3964
183.5686	3.1089
209.2433	2.4731
211.6313	2.0109
109.4185	2.5092
93.8341	1.7802
121.8991	4.1431
119.7172	3.62
87.2184	2.5785
73.0052	1.174
69.523	2.7126
133.3739	1.8588
126.2158	3.3491
131.0372	4.2574
130.962	3.548
181.9118	1.6153
138.1588	5.8221
121.8394	6.7469
113.0664	5.6335
131.4846	3.9758
44.3087	2.4093
281.7507	2.2946
219.5189	1.8618
161.3504	3.0653
126.2812	3.8041
144.3502	3.9182
148.2307	3.8104
168.2511	1.9475
154.0562	2.4552
187.33	0.7219
103.1758	0.7946
236.858	1.5318
346.1832	1.4495
203.3763	0.5044
6.7045	1.092
311.3705	2.0106
310.7604	2.9309
327.9742	2.2949
123.2154	1.2712
124.6691	4.0753
114.1122	3.7194
110.8137	2.267
61.2922	1.837
264.5222	2.0353
134.2202	2.0992
69.0018	1.5675
344.2546	0.5495
68.9228	2.5911
135.0563	4.1378
148.8362	2.938
204.1077	2.3489
147.5814	3.2851
177.1806	2.1157
204.8242	1.4554
207.134	2.7314
311.8229	0.651
193.2309	1.2711
232.6665	2.2719
235.2971	2.6071
240.365	1.9517
319.6152	1.3669
295.5971	2.7723
285.1916	3.9729
293.9688	2.0977
310.3166	1.7156
283.328	2.1356
284.7806	3.2072
261.8943	1.8355
287.3451	3.0139
302.831	4.2353
297.9787	4.5564
287.408	3.0293
267.6962	3.4885
280.8641	4.3335
321.8495	4.8782
267.3918	3.0024
302.0758	4.7811
295.4823	4.4509
306.4048	4.8382
5.3621	1.3748
291.3283	2.7696
313.8957	2.1471
260.015	0.8785
184.5511	2.0113
101.2962	1.8233
107.8496	2.1107
140.3114	3.794
138.1087	1.5198
125.512	2.506
223.1914	2.0468
231.7077	3.9776
254.1568	2.5245
241.3151	2.2469
267.9553	2.3776
278.7815	1.9066
274.4151	0.3398
154.0246	2.7669
146.0937	1.8615
138.3455	2.7327
204.4934	2.3443
115.4298	2.9465
141.7242	3.2602
154.6672	3.0377
117.3875	1.4327
98.8769	3.6208
104.1534	3.7309
125.3009	3.8878
118.316	2.9239
116.9196	4.6331
115.3194	5.6292
114.1061	6.1127
124.7028	3.6926
91.0497	2.4337
80.5325	2.2535
33.3413	3.0437
72.7536	2.2728
120.869	3.2989
123.8934	5.6333
131.9232	5.6763
139.3523	4.137
127.0413	2.6948
202.9073	0.4032
152.1287	3.3984
151.0259	3.8297
110.9405	3.2175
132.5257	4.4366
153.8759	4.1249
153.8675	0.9783
47.7963	1.6935
44.6616	1.6609
34.8137	3.3435
109.5593	1.9245
147.5138	2.5068
311.3515	0.8347
35.7802	2.6224
33.1708	2.8315
122.8199	4.2293
151.0775	4.5472
150.6942	4.2442
154.7226	2.0936
53.0272	1.2323
345.1642	2.4395
14.6858	3.1105
203.5882	1.0094
260.1853	2.1598
211.2915	1.4604
204.3778	3.1174
196.5825	3.9535
154.4672	3.7172
128.7823	3.2601
109.1387	2.7473
25.191	1.7977
66.7747	2.2099
357.7996	0.3247
299.7512	3.5701
289.5302	3.9385
264.8629	4.529
315.6934	3.5301
338.918	2.6037
345.1221	3.7147
10.5278	3.9411
0.7024	3.939
353.8946	5.0483
312.6215	4.0261
335.5418	4.7683
124.9332	3.4564
128.3787	2.5364
187.6257	2.6876
184.2998	3.0804
187.6039	3.5117
175.3723	3.0135
114.3055	2.5737
64.4652	2.6898
76.3564	2.1077
33.9625	1.586
150.5024	0.9389
99.6128	0.9705
215.5726	1.1835
267.9402	0.8589
193.5322	0.666
85.3735	0.2885
83.7561	1.5591
40.118	1.6681
38.3918	1.9851
93.3376	3.3768
135.1088	3.0205
139.9349	4.2239
135.5859	4.2456
120.464	4.7973
119.5675	5.4407
125.7287	5.0428
109.8896	2.8047
90.3647	2.4775
136.8755	1.7776
107.3954	2.3122
132.7877	2.6122
108.9877	3.0614
131.6421	1.7339
240.7833	1.0209
229.1925	0.6866
291.3117	1.9244
312.3759	1.7663
313.9387	2.9211
272.2958	2.6607
339.1117	2.3876
313.0453	1.4956
308.246	2.4347
264.2937	1.8901
9.8116	1.8131
357.9448	0.9514
2.4786	1.428
300.242	0.6455
44.6623	2.7036
28.9452	0.5316
303.233	0.6229
259.5728	2.2708
30.2071	1.674
2.0633	0.9299
105.8823	3.8349
106.7318	4.5217
106.5657	2.9024
89.6433	3.0331
107.76	3.1554
123.7661	1.5752
83.5515	2.0064
108.8049	2.5229
128.2532	2.891
108.2414	1.6249
144.9563	2.4887
148.4258	1.3799
127.3484	0.3681
172.498	1.1177
15.0499	2.4729
20.7067	1.7423
12.4955	2.0641
339.5176	1.9776
39.8924	3.4324
135.5486	3.9778
126.5733	5.175
126.8114	4.5818
110.951	3.8162
125.5004	3.9954
150.2088	3.6227
109.8041	2.8185
104.9368	3.3253
113.3065	2.4975
128.011	3.1024
83.1675	2.4963
71.4255	3.1096
57.0472	2.086
75.1618	4.0222
98.6451	1.3415
148.6512	4.2114
106.9851	3.9385
97.845	4.9929
117.0576	4.2939
112.5503	4.8641
118.1434	5.6761
128.071	5.3886
116.7467	3.3324
90.5103	3.2292
81.2751	2.3076
105.3421	4.1371
130.0396	3.7588
106.3525	3.0923
57.0868	0.4675
3.772	1.9798
58.601	2.1918
84.9526	3.4186
94.0487	2.8075
66.7995	4.3274
94.677	3.1747
74.351	3.1469
94.7638	3.708
103.7819	3.4751
139.2429	3.7844
104.3936	3.5111
105.6563	4.5141
90.3399	3.7834
104.8153	2.7309
75.4579	2.1861
148.8759	1.1448
106.4255	1.0858
92.3952	1.8369
96.2986	2.5716
112.4145	2.192
100.8266	3.2765
124.3908	1.812
146.4757	2.3274
135.77	2.0673
119.201	2.8088
129.6126	3.0923
110.5168	2.9238
97.4501	2.1035
110.7705	2.993
126.856	2.3909
116.4621	2.1976
108.1536	1.1714
125.9465	1.805
183.811	1.9791
160.326	1.8994
148.4915	1.9062
125.2108	3.6931
160.3044	2.8622
131.9565	2.5582
125.7872	1.626
120.5617	1.355
198.0267	1.7979
268.585	0.5532
148.9278	1.179
138.7256	0.6485
200.61	1.479
233.0382	1.4622
285.7896	1.446
236.8849	1.8491
222.1088	2.9808
216.6965	2.7751
184.9695	2.6001
160.8378	3.7766
119.9227	2.9401
119.5511	4.0626
123.0371	3.8381
139.0608	2.5523
190.9	0.7051
247.3229	1.5085
272.2747	1.8701
275.0143	2.3275
275.2378	2.1158
276.8844	1.515
317.4296	1.5843
317.1719	2.0358
283.1202	2.3082
333.0098	2.3645
327.515	1.764
352.0855	2.9096
329.374	2.2856
17.7442	4.0828
98.1001	2.5727
95.3802	2.7729
62.9095	1.8341
267.0182	2.8368
107.7784	3.1223
117.829	4.326
116.7009	3.317
100.984	3.4587
103.2264	4.2141
109.2202	4.2703
99.237	2.961
111.8968	2.7165
153.5937	0.8228
61.3265	1.98
64.2632	2.3599
85.8909	4.2495
86.6524	4.85
87.781	5.4126
82.3124	3.5093
89.9322	3.3987
106.5158	3.005
106.8619	3.1629
193.2719	2.1792
243.0931	1.6429
306.2168	0.998
302.8229	2.7791
240.0132	2.3505
347.2272	1.5404
31.8588	1.6865
337.4491	2.2054
298.1262	2.3606
346.1784	3.1418
329.9867	2.3547
278.3882	2.044
87.0807	3.2752
96.5941	4.4249
90.9802	4.1849
97.4659	2.801
308.0673	1.7217
309.4853	3.1282
325.4029	3.5155
92.5463	4.9504
52.902	4.2193
100.0865	7.0262
99.6225	5.2348
82.9304	4.6237
17.3943	2.8033
3.0406	3.2879
28.7799	3.7812
81.7131	5.4583
134.3324	3.6572
194.2505	1.7541
290.7523	2.1103
302.6657	3.1277
286.6424	2.8735
303.4346	3.0622
315.7903	2.5636
336.4932	3.1169
330.9392	3.3067
21.7196	3.6919
32.9022	2.4102
46.9806	2.932
108.5001	3.9941
120.7575	4.0951
115.0945	3.9759
125.9524	2.6345
349.9668	1.1052
356.8508	2.9217
347.1747	2.4637
348.2854	3.7925
331.1389	3.4306
32.6309	3.61
112.9377	2.7842
119.1796	3.5222
125.8784	4.4162
104.5364	3.4805
109.8641	2.4738
204.1618	0.8315
247.1739	2.0044
345.2877	1.5097
66.1461	1.2934
80.0566	2.2672
130.8697	3.63
113.9104	2.7426
100.2918	2.5896
113.0686	3.8746
137.9853	3.8394
111.9219	3.3516
110.3493	3.9948
126.1546	4.2426
124.8124	2.965
85.5856	2.5728
130.4419	0.6278
96.6565	1.4565
97.7867	2.9338
109.3556	3.404
127.4054	5.947
132.3409	6.071
124.3261	4.8784
118.5225	4.879
122.7647	4.4209
123.983	4.4713
127.2094	4.2259
126.7729	3.8365
122.9601	3.0462
124.7173	2.9125
116.6887	2.2431
126.1424	2.0506
206.8359	1.4065
200.032	3.2183
189.8979	1.9769
216.2912	2.0253
181.6369	1.1155
192.7033	1.7955
289.6362	1.6607
334.729	1.3917
321.2442	1.3527
330.3966	2.106
318.2284	1.6758
24.833	1.9172
357.9359	1.7004
320.5468	2.9134
315.7935	3.7394
329.6287	3.1897
307.964	2.3925
281.1326	3.7849
279.6203	3.4733
296.2499	3.0074
285.5134	2.2606
297.096	3.2087
258.3535	2.6296
274.7997	1.8299
238.4347	1.2651
274.9458	1.1145
310.8948	1.6373
60.3094	3.0239
55.4628	2.7778
18.6927	2.7626
18.8331	1.903
342.6604	2.5856
331.2016	4.7869
87.4112	4.8923
86.0222	2.8394
54.822	2.3573
43.1878	2.7963
88.9716	4.9013
121.7594	2.1146
293.3176	1.7432
309.7716	1.0224
271.1087	1.5989
256.4244	2.1954
235.3553	2.2785
204.0016	1.718
192.7316	2.8281
178.0144	2.2174
160.2109	2.2197
110.47	3.0862
108.2651	4.2751
85.1756	3.6638
84.9706	2.9816
55.4163	0.9791
306.5958	2.14
259.2908	2.6567
251.8838	1.6271
302.6423	0.8894
358.7024	1.251
97.4052	3.4271
67.5078	2.3542
59.6862	0.8933
300.0205	2.1951
234.6157	1.3858
129.5764	1.8816
105.4929	2.3346
96.7203	2.9155
92.938	2.9385
88.4739	2.7067
105.2624	2.0941
111.1061	3.3145
135.7013	2.1601
86.6785	1.9606
99.3328	2.0505
130.5415	2.5753
124.1912	2.6037
111.8644	2.3806
121.6529	2.0195
80.1642	0.9618
147.1085	1.1654
153.6291	1.4089
170.1529	1.285
100.2344	0.5064
137.1484	1.8904
116.503	2.861
110.9476	3.5605
133.3499	3.5553
138.1887	3.4206
136.7926	2.743
139.8772	2.4565
156.6072	2.3496
131.7966	3.0136
102.5339	2.4079
100.9868	2.6642
102.1337	2.0799
95.2917	2.4686
84.0225	2.3489
74.2943	2.3363
78.4432	2.1263
59.7781	2.2334
65.4431	2.0241
67.93	1.8782
103.0766	1.3564
82.6874	0.6401
122.5129	1.7015
139.5824	2.3205
179.7171	2.2478
172.1874	3.3629
179.7728	2.9661
165.7732	2.83
169.4759	3.1994
139.2581	3.2895
117.1143	3.2546
112.5302	3.2571
103.8759	3.2873
96.6881	2.7806
84.5243	2.2742
71.5919	1.9668
89.426	2.1165
54.0527	1.9064
82.9223	2.5492
131.0939	2.3841
140.7371	1.3513
282.7707	1.5842
309.443	2.5811
292.1918	2.9401
292.8039	4.5485
290.9516	4.0978
54.5367	4.0295
62.1668	5.7756
85.6057	4.3326
79.5363	2.6914
98.2711	1.8159
157.2536	1.1834
224.1491	1.8525
215.9415	1.9913
183.9764	1.6622
158.6651	1.8734
101.8632	1.2303
8.9868	2.0128
16.6139	2.4649
5.3834	2.7956
78.4635	2.25
118.4414	4.609
105.2881	5.0843
113.7532	6.5074
120.0737	6.3893
116.6733	5.3092
118.3206	5.308
115.0175	4.8544
115.966	4.3874
105.1179	3.4809
92.5823	2.4775
74.5537	1.962
87.8751	1.2533
130.0825	1.2653
132.3172	1.3699
135.9571	2.1648
115.0822	1.7146
303.7312	0.8731
327.9256	1.8658
317.6374	1.6018
293.0086	1.0298
287.108	1.1769
301.3783	1.8045
312.9692	2.5774
315.2865	2.8721
77.9368	1.351
98.8114	3.5561
87.7689	3.5717
89.8571	4.0143
67.65	2.5198
59.3281	3.056
71.1006	2.8579
70.8299	2.758
76.9024	1.4394
142.7964	1.6238
140.792	2.4705
121.9064	4.4888
112.2472	4.4785
99.7523	4.9472
98.4573	4.8426
95.5502	5.9793
71.2126	3.2492
58.5338	2.1433
60.018	2.7729
89.0956	1.5948
20.0285	1.0335
81.5627	3.7433
93.7139	2.4253
111.1479	3.2006
111.7655	3.0201
109.3539	3.1772
100.9042	3.8737
109.0306	4.4179
97.3563	3.3524
75.7733	2.6483
70.1306	2.9997
40.2268	1.5606
40.1013	2.622
22.7331	2.5412
333.0873	2.3763
309.4329	1.9944
294.365	2.096
282.8121	2.1969
254.6717	1.8279
225.2661	0.9553
204.5042	1.765
158.441	1.7418
121.0338	2.2415
106.3923	1.7755
62.6956	1.5825
29.8921	1.8105
44.4519	2.754
0.9767	1.3379
352.0437	2.1527
103.3583	2.5819
100.6148	2.4468
98.4148	2.6397
96.5473	3.8594
98.2489	3.8056
101.6664	3.7782
98.5079	3.1014
81.25	2.8892
92.2339	2.8914
82.7335	2.4747
53.0581	1.4805
343.4778	0.8667
282.6601	1.9494
261.3757	2.6564
261.8666	2.8296
228.2025	1.8757
218.381	1.3146
33.48	0.5207
125.5791	3.1124
99.6168	2.6178
79.8149	2.3858
92.9356	5.2057
90.044	4.7738
85.7877	4.2374
84.0313	3.618
91.1578	3.2805
93.9597	2.3895
84.9343	2.2578
94.0752	1.9891
119.0609	2.2401
128.7449	1.9041
125.6591	3.4632
114.9192	4.8405
109.7667	4.9143
106.2907	4.4734
111.9202	3.8742
102.4462	3.1696
101.9829	2.7774
86.3924	1.241
4.541	0.7179
317.4331	1.1531
267.0897	1.0212
270.1052	1.247
250.2353	1.63
234.2446	1.5897
232.0188	1.4405
237.0544	1.4041
225.1504	1.4034
230.1797	1.5405
217.6162	1.136
232.437	1.0492
231.7918	1.8175
217.4908	1.8089
237.281	1.4982
254.087	0.8513
146.2655	0.7826
90.5234	1.1915
87.4904	2.1625
86.8344	2.2343
117.9469	2.3106
143.2708	1.4556
239.2669	0.1675
261.5355	0.058
355.0914	1.2798
30.3205	1.2735
45.0594	1.0188
89.2033	0.4762
162.3403	1.6868
159.1527	2.3907
136.0106	2.8759
129.6373	3.1464
129.9018	3.8914
129.7346	4.059
125.6932	4.4913
120.4506	4.6144
118.7019	4.9968
118.9645	5.0165
108.5628	3.7711
112.7319	2.9994
108.4573	3.1763
104.2351	2.9395
104.5522	3.014
110.1047	2.2288
121.2077	3.3845
110.5216	2.6946
116.6936	2.5853
118.1475	1.2293
148.4665	1.544
78.1607	1.3693
83.834	1.2462
100.9461	0.5268
71.5777	0.8707
88.169	2.2123
75.2238	2.1233
118.0854	1.4702
169.004	1.7817
166.3486	1.5326
137.4596	1.9955
121.8446	2.3078
110.9251	3.1098
128.9106	2.9425
150.2989	2.8229
145.4973	1.651
113.3212	2.3606
121.6017	3.1606
140.1981	2.2958
145.3744	1.7271
222.9023	0.5367
72.7722	1.2581
137.2253	1.2665
119.6489	0.5382
235.7533	0.2813
298.686	0.9793
257.5359	1.4828
267.8	1.9759
275.0473	2.5306
283.9802	2.379
282.0676	2.219
271.8018	1.1002
301.6341	0.7376
239.5734	0.4744
31.23	1.1514
239.3528	0.9464
265.5673	0.9487
230.5337	1.0364
151.933	0.7885
69.986	0.8319
78.7229	1.5796
329.7417	0.4291
274.6471	1.0685
250.9009	1.1303
223.5497	1.6922
218.5073	1.7048
241.0756	1.6808
271.1439	1.1782
299.9308	1.6881
306.1115	2.1858
318.4661	1.7933
280.858	1.1729
248.3937	1.2608
278.9612	1.8796
283.5816	2.5394
268.2135	2.8634
247.507	2.6231
241.6564	2.5197
191.5148	1.324
119.03	2.7511
89.405	2.8905
64.6926	2.6872
73.5015	2.8929
70.1952	2.2085
68.7621	1.8908
346.2338	2.5069
303.8257	3.4848
288.0119	3.9578
257.4547	2.0718
151.2466	1.2531
112.0714	2.2052
98.8571	0.2727
268.6252	1.75
245.6277	2.4016
234.8801	1.9984
270.8708	1.7258
263.1768	2.1823
254.5068	2.0732
238.0936	1.6364
217.2765	1.0094
77.6955	0.3746
350.6287	0.8416
319.0827	0.418
275.898	0.7681
266.1241	1.6891
249.6862	2.2606
238.7681	2.3015
238.2771	1.7643
260.8112	1.2902
276.8586	2.1253
265.926	1.7646
232.7135	0.7715
228.4992	0.8499
112.8304	1.5045
104.9598	2.6319
77.9771	2.4764
60.8967	1.544
280.6916	0.4167
238.3221	1.4515
213.5395	1.5311
143.8881	1.3976
99.7511	1.8878
125.4706	1.6304
136.5521	2.1615
109.9637	2.5496
56.333	1.8566
336.8856	3.1268
305.4258	4.2088
293.2712	3.1359
256.0703	2.5133
225.4877	1.7148
144.48	1.0786
119.9607	2.3328
113.705	2.5765
104.6823	2.2355
106.7176	1.7025
112.2853	1.1058
275.7138	0.3595
239.929	1.0472
193.3619	1.4313
160.0897	2.5122
116.4501	3.0159
105.0342	3.3517
104.458	2.7002
98.3163	1.6927
302.7955	0.2463
304.7451	2.4795
275.6727	1.9213
286.6828	1.4989
274.8484	1.9544
245.2956	1.4265
216.2743	1.3903
196.7619	1.1232
167.7765	0.9001
115.7285	1.7209
121.7389	1.7567
109.8949	2.6514
108.4617	2.4566
109.386	2.0653
101.8036	1.338
96.0997	1.5449
77.4112	1.5751
90.8705	1.849
77.8739	1.9994
86.7581	2.0403
93.7354	2.1126
111.3574	1.7937
131.5914	2.4002
131.5729	2.3676
112.2482	2.7567
109.5891	2.8295
133.2242	2.3304
146.7006	2.5542
129.4441	1.9738
121.9311	2.1144
121.6805	0.9565
161.9194	0.9835
253.2027	0.8472
250.8986	0.816
252.2646	0.7996
261.5382	0.4497
9.4951	0.8928
305.414	1.0144
289.2721	1.0675
312.6194	1.3655
288.4249	1.3003
235.8638	0.9521
202.3305	0.5985
168.2928	1.0274
134.7789	1.7885
